6.519891208200910837e-01
6.442598300469184469e-01
5.880582529878262132e-01
6.442598300469184469e-01
6.442598300469184469e-01
5.880582529878262132e-01
3.330846956258906588e-01
6.519891208200910837e-01
6.629046873294348607e-01
6.285306702035998727e-01
5.880582529878262132e-01
3.573450396269191032e-01
6.442598300469184469e-01
3.722015159578242471e-01
6.442598300469184469e-01
6.084709769379790245e-01
3.138067326892945430e-01
6.519891208200910837e-01
6.629046873294348607e-01
6.442598300469184469e-01
6.442598300469184469e-01
6.442598300469184469e-01
6.442598300469184469e-01
3.330846956258906588e-01
6.442598300469184469e-01
3.892955721344496522e-01
6.421538217160113193e-01
6.442598300469184469e-01
6.519891208200910837e-01
6.442598300469184469e-01
6.442598300469184469e-01
5.880582529878262132e-01
6.519891208200910837e-01
6.442598300469184469e-01
6.519891208200910837e-01
4.129471853352873478e-01
3.917083400313863262e-01
6.442598300469184469e-01
6.629046873294348607e-01
5.880582529878262132e-01
5.880582529878262132e-01
6.442598300469184469e-01
3.689618280017975538e-01
6.442598300469184469e-01
5.880582529878262132e-01
6.442598300469184469e-01
6.084709769379790245e-01
6.629046873294348607e-01
4.637147172751531765e-01
2.865026706445824023e-01
6.442598300469184469e-01
6.442598300469184469e-01
6.629046873294348607e-01
6.442598300469184469e-01
5.880582529878262132e-01
6.442598300469184469e-01
6.442598300469184469e-01
6.519891208200910837e-01
3.138067326892945430e-01
3.100338570550995043e-01
3.167128065769675982e-01
6.442598300469184469e-01
5.880582529878262132e-01
5.880582529878262132e-01
6.442598300469184469e-01
3.202535083212837974e-01
6.442598300469184469e-01
3.330846956258906588e-01
6.442598300469184469e-01
6.519891208200910837e-01
6.442598300469184469e-01
5.880582529878262132e-01
3.408065456430642848e-01
6.442598300469184469e-01
3.730953318178956146e-01
6.442598300469184469e-01
6.519891208200910837e-01
6.442598300469184469e-01
6.519891208200910837e-01
5.880582529878262132e-01
6.629046873294348607e-01
5.880582529878262132e-01
6.442598300469184469e-01
3.926303447644913236e-01
6.442598300469184469e-01
3.892955721344496522e-01
6.519891208200910837e-01
6.519891208200910837e-01
3.926303447644913236e-01
6.442598300469184469e-01
5.880582529878262132e-01
6.442598300469184469e-01
3.925643048671859092e-01
6.442598300469184469e-01
3.235538705503784307e-01
6.519891208200910837e-01
5.617925588897959566e-01
6.442598300469184469e-01
6.442598300469184469e-01
6.629046873294348607e-01
6.730289025834989003e-01
4.344011027676509817e-01
6.442598300469184469e-01
6.442598300469184469e-01
6.730289025834989003e-01
3.138067326892945430e-01
6.629046873294348607e-01
6.442598300469184469e-01
6.519891208200910837e-01
6.442598300469184469e-01
6.442598300469184469e-01
6.442598300469184469e-01
6.442598300469184469e-01
6.532137955963793763e-01
6.442598300469184469e-01
4.185061229555062656e-01
5.880582529878262132e-01
6.421538217160113193e-01
6.442598300469184469e-01
6.442598300469184469e-01
3.763185898163739496e-01
6.442598300469184469e-01
6.442598300469184469e-01
3.892955721344496522e-01
6.730289025834989003e-01
6.442598300469184469e-01
3.782376324089288810e-01
3.580064721941706996e-01
2.962797402518895229e-01
6.442598300469184469e-01
2.777800091389279746e-01
6.519891208200910837e-01
3.916090821486509777e-01
6.442598300469184469e-01
6.442598300469184469e-01
3.330846956258906588e-01
6.629046873294348607e-01
6.442598300469184469e-01
6.519891208200910837e-01
6.442598300469184469e-01
6.442598300469184469e-01
6.442598300469184469e-01
4.491641659552474963e-01
6.519891208200910837e-01
6.421538217160113193e-01
6.532137955963793763e-01
6.442598300469184469e-01
6.442598300469184469e-01
6.519891208200910837e-01
3.926303447644913236e-01
6.442598300469184469e-01
5.617925588897959566e-01
6.442598300469184469e-01
6.442598300469184469e-01
6.442598300469184469e-01
3.926303447644913236e-01
6.421538217160113193e-01
6.442598300469184469e-01
6.442598300469184469e-01
5.617925588897959566e-01
3.671577573525929838e-01
3.330846956258906588e-01
3.813969685149272149e-01
6.519891208200910837e-01
6.442598300469184469e-01
6.442598300469184469e-01
6.442598300469184469e-01
6.519891208200910837e-01
6.629046873294348607e-01
6.442598300469184469e-01
3.226499407464518132e-01
6.442598300469184469e-01
4.015167999246870845e-01
6.442598300469184469e-01
2.962797402518895229e-01
6.442598300469184469e-01
5.880582529878262132e-01
6.442598300469184469e-01
6.084709769379790245e-01
6.442598300469184469e-01
3.583295751022797515e-01
3.926303447644913236e-01
6.519891208200910837e-01
3.925643048671859092e-01
6.519891208200910837e-01
4.327496812940844761e-01
6.442598300469184469e-01
6.442598300469184469e-01
6.442598300469184469e-01
6.421538217160113193e-01
6.442598300469184469e-01
5.880582529878262132e-01
6.519891208200910837e-01
6.629046873294348607e-01
5.880582529878262132e-01
5.880582529878262132e-01
6.442598300469184469e-01
6.442598300469184469e-01
6.629046873294348607e-01
6.442598300469184469e-01
6.442598300469184469e-01
3.689618280017975538e-01
5.880582529878262132e-01
6.442598300469184469e-01
6.442598300469184469e-01
6.519891208200910837e-01
6.442598300469184469e-01
5.880582529878262132e-01
6.519891208200910837e-01
6.442598300469184469e-01
5.880582529878262132e-01
5.617925588897959566e-01
6.442598300469184469e-01
6.519891208200910837e-01
3.971912560024189465e-01
3.167128065769675982e-01
3.679648317339785368e-01
6.442598300469184469e-01
3.235538705503784307e-01
6.442598300469184469e-01
3.202535083212837974e-01
6.442598300469184469e-01
6.442598300469184469e-01
6.421538217160113193e-01
6.442598300469184469e-01
5.880582529878262132e-01
3.330510549213834270e-01
6.442598300469184469e-01
3.917083400313863262e-01
6.519891208200910837e-01
3.925643048671859092e-01
6.519891208200910837e-01
3.926303447644913236e-01
6.442598300469184469e-01
6.442598300469184469e-01
6.442598300469184469e-01
5.880582529878262132e-01
6.421538217160113193e-01
6.519891208200910837e-01
6.442598300469184469e-01
6.629046873294348607e-01
6.442598300469184469e-01
6.730289025834989003e-01
6.442598300469184469e-01
6.442598300469184469e-01
5.880582529878262132e-01
3.202535083212837974e-01
6.442598300469184469e-01
4.015167999246870845e-01
6.442598300469184469e-01
6.442598300469184469e-01
6.442598300469184469e-01
6.442598300469184469e-01
6.629046873294348607e-01
6.442598300469184469e-01
6.442598300469184469e-01
6.442598300469184469e-01
6.442598300469184469e-01
6.519891208200910837e-01
6.442598300469184469e-01
3.148221621166137907e-01
6.442598300469184469e-01
3.202535083212837974e-01
6.442598300469184469e-01
6.629046873294348607e-01
6.442598300469184469e-01
6.730289025834989003e-01
6.442598300469184469e-01
6.442598300469184469e-01
6.532137955963793763e-01
6.442598300469184469e-01
6.442598300469184469e-01
3.598270747255265523e-01
5.880582529878262132e-01
6.629046873294348607e-01
6.629046873294348607e-01
5.880582529878262132e-01
6.519891208200910837e-01
3.910472946116988480e-01
3.330846956258906588e-01
6.519891208200910837e-01
3.917083400313863262e-01
3.689618280017975538e-01
6.442598300469184469e-01
6.442598300469184469e-01
3.698069050637001198e-01
6.442598300469184469e-01
6.442598300469184469e-01
5.880582529878262132e-01
6.442598300469184469e-01
6.519891208200910837e-01
3.689618280017975538e-01
6.442598300469184469e-01
3.926303447644913236e-01
6.442598300469184469e-01
3.892955721344496522e-01
6.442598300469184469e-01
6.629046873294348607e-01
3.253092289779048740e-01
3.588407257047931953e-01
2.962797402518895229e-01
3.609350610406827364e-01
5.617925588897959566e-01
6.442598300469184469e-01
5.880582529878262132e-01
6.084709769379790245e-01
4.185061229555062656e-01
6.442598300469184469e-01
6.442598300469184469e-01
6.442598300469184469e-01
5.880582529878262132e-01
6.629046873294348607e-01
6.442598300469184469e-01
3.892955721344496522e-01
6.730289025834989003e-01
6.442598300469184469e-01
6.442598300469184469e-01
3.330846956258906588e-01
3.689618280017975538e-01
6.186823113577359923e-01
6.442598300469184469e-01
6.629046873294348607e-01
5.880582529878262132e-01
6.442598300469184469e-01
3.253092289779048740e-01
3.330846956258906588e-01
3.451139654151192393e-01
6.442598300469184469e-01
6.442598300469184469e-01
5.880582529878262132e-01
6.730289025834989003e-01
6.519891208200910837e-01
6.442598300469184469e-01
6.730289025834989003e-01
6.442598300469184469e-01
4.266989064667927045e-01
3.330510549213834270e-01
6.442598300469184469e-01
2.962797402518895229e-01
3.330846956258906588e-01
6.442598300469184469e-01
3.689618280017975538e-01
6.442598300469184469e-01
6.519891208200910837e-01
3.253092289779048740e-01
6.730289025834989003e-01
4.023800201872201332e-01
6.442598300469184469e-01
3.202535083212837974e-01
6.442598300469184469e-01
6.442598300469184469e-01
5.867915458929345851e-01
6.442598300469184469e-01
6.442598300469184469e-01
5.880582529878262132e-01
6.442598300469184469e-01
6.442598300469184469e-01
6.519891208200910837e-01
6.442598300469184469e-01
6.629046873294348607e-01
3.330846956258906588e-01
6.442598300469184469e-01
6.519891208200910837e-01
5.880582529878262132e-01
6.442598300469184469e-01
6.442598300469184469e-01
6.442598300469184469e-01
6.519891208200910837e-01
3.428420202241971304e-01
3.332051249791106451e-01
6.442598300469184469e-01
3.202535083212837974e-01
3.508803695422808011e-01
6.519891208200910837e-01
6.442598300469184469e-01
5.880582529878262132e-01
6.442598300469184469e-01
3.077141867758183547e-01
6.421538217160113193e-01
5.617925588897959566e-01
6.629046873294348607e-01
6.442598300469184469e-01
6.442598300469184469e-01
6.519891208200910837e-01
6.442598300469184469e-01
6.421538217160113193e-01
6.629046873294348607e-01
5.880582529878262132e-01
6.442598300469184469e-01
6.442598300469184469e-01
4.185061229555062656e-01
4.740179244137707193e-01
6.629046873294348607e-01
5.880582529878262132e-01
6.184204071756924659e-01
6.519891208200910837e-01
5.880582529878262132e-01
6.442598300469184469e-01
3.330846956258906588e-01
3.330846956258906588e-01
4.185061229555062656e-01
6.442598300469184469e-01
5.880582529878262132e-01
3.689618280017975538e-01
6.442598300469184469e-01
6.442598300469184469e-01
6.442598300469184469e-01
3.926303447644913236e-01
3.892955721344496522e-01
4.242644425790300655e-01
6.519891208200910837e-01
3.698069050637001198e-01
3.330846956258906588e-01
6.442598300469184469e-01
6.442598300469184469e-01
3.822405058287792201e-01
6.442598300469184469e-01
5.880582529878262132e-01
3.330846956258906588e-01
6.442598300469184469e-01
3.226499407464518132e-01
6.442598300469184469e-01
3.226499407464518132e-01
5.880582529878262132e-01
6.629046873294348607e-01
6.442598300469184469e-01
6.442598300469184469e-01
2.962797402518895229e-01
6.519891208200910837e-01
6.442598300469184469e-01
6.519891208200910837e-01
3.330846956258906588e-01
6.084709769379790245e-01
6.442598300469184469e-01
3.813316317890953489e-01
5.880582529878262132e-01
6.442598300469184469e-01
3.661042001219496078e-01
3.925643048671859092e-01
6.442598300469184469e-01
6.442598300469184469e-01
3.926303447644913236e-01
6.519891208200910837e-01
6.519891208200910837e-01
6.442598300469184469e-01
3.332051249791106451e-01
6.519891208200910837e-01
6.442598300469184469e-01
5.880582529878262132e-01
6.442598300469184469e-01
6.442598300469184469e-01
6.442598300469184469e-01
6.442598300469184469e-01
6.442598300469184469e-01
6.519891208200910837e-01
6.442598300469184469e-01
6.442598300469184469e-01
6.442598300469184469e-01
6.442598300469184469e-01
5.880582529878262132e-01
4.080630550386544764e-01
6.519891208200910837e-01
3.661042001219496078e-01
6.519891208200910837e-01
6.442598300469184469e-01
6.519891208200910837e-01
3.253092289779048740e-01
6.634813130414957127e-01
3.763185898163739496e-01
6.442598300469184469e-01
6.442598300469184469e-01
4.343227825942415632e-01
6.442598300469184469e-01
6.442598300469184469e-01
6.532137955963793763e-01
5.880582529878262132e-01
6.519891208200910837e-01
6.442598300469184469e-01
3.763185898163739496e-01
6.421538217160113193e-01
3.926303447644913236e-01
6.730289025834989003e-01
6.519891208200910837e-01
6.442598300469184469e-01
6.519891208200910837e-01
6.442598300469184469e-01
6.532137955963793763e-01
6.442598300469184469e-01
5.880582529878262132e-01
6.442598300469184469e-01
2.962797402518895229e-01
6.442598300469184469e-01
6.442598300469184469e-01
6.629046873294348607e-01
6.519891208200910837e-01
6.442598300469184469e-01
6.442598300469184469e-01
6.442598300469184469e-01
3.679648317339785368e-01
6.629046873294348607e-01
5.880582529878262132e-01
3.845654378497808112e-01
3.892955721344496522e-01
5.819949083497168996e-01
3.598270747255265523e-01
6.442598300469184469e-01
4.015167999246870845e-01
6.519891208200910837e-01
6.629046873294348607e-01
4.602584223239012950e-01
3.892955721344496522e-01
5.186352022345800394e-01
6.442598300469184469e-01
4.129471853352873478e-01
5.880582529878262132e-01
3.330846956258906588e-01
6.442598300469184469e-01
6.442598300469184469e-01
6.519891208200910837e-01
6.442598300469184469e-01
6.629046873294348607e-01
6.442598300469184469e-01
6.519891208200910837e-01
6.421538217160113193e-01
6.442598300469184469e-01
2.962797402518895229e-01
6.519891208200910837e-01
6.442598300469184469e-01
3.813316317890953489e-01
6.442598300469184469e-01
6.442598300469184469e-01
5.880582529878262132e-01
6.442598300469184469e-01
3.330846956258906588e-01
6.442598300469184469e-01
3.167128065769675982e-01
3.679648317339785368e-01
6.442598300469184469e-01
5.880582529878262132e-01
5.880582529878262132e-01
6.442598300469184469e-01
6.442598300469184469e-01
5.880582529878262132e-01
6.442598300469184469e-01
3.813969685149272149e-01
4.343227825942415632e-01
6.442598300469184469e-01
6.442598300469184469e-01
3.925643048671859092e-01
6.442598300469184469e-01
6.442598300469184469e-01
6.519891208200910837e-01
3.330846956258906588e-01
3.330846956258906588e-01
6.442598300469184469e-01
3.698069050637001198e-01
6.442598300469184469e-01
6.421538217160113193e-01
3.698069050637001198e-01
3.138067326892945430e-01
3.330846956258906588e-01
5.880582529878262132e-01
6.442598300469184469e-01
6.442598300469184469e-01
6.442598300469184469e-01
6.442598300469184469e-01
3.763185898163739496e-01
6.442598300469184469e-01
6.442598300469184469e-01
3.598270747255265523e-01
6.442598300469184469e-01
6.442598300469184469e-01
6.442598300469184469e-01
5.880582529878262132e-01
6.730289025834989003e-01
6.442598300469184469e-01
6.442598300469184469e-01
6.519891208200910837e-01
6.421538217160113193e-01
6.442598300469184469e-01
6.442598300469184469e-01
6.442598300469184469e-01
3.679648317339785368e-01
6.442598300469184469e-01
5.880582529878262132e-01
6.442598300469184469e-01
5.880582529878262132e-01
6.629046873294348607e-01
5.880582529878262132e-01
6.442598300469184469e-01
6.442598300469184469e-01
5.880582529878262132e-01
3.330846956258906588e-01
6.442598300469184469e-01
5.880582529878262132e-01
5.880582529878262132e-01
2.962797402518895229e-01
6.442598300469184469e-01
6.442598300469184469e-01
6.442598300469184469e-01
6.442598300469184469e-01
3.226499407464518132e-01
3.330846956258906588e-01
6.442598300469184469e-01
5.880582529878262132e-01
6.442598300469184469e-01
6.442598300469184469e-01
6.442598300469184469e-01
6.186823113577359923e-01
5.880582529878262132e-01
3.451139654151192393e-01
3.916090821486509777e-01
6.442598300469184469e-01
6.442598300469184469e-01
5.880582529878262132e-01
3.330846956258906588e-01
6.442598300469184469e-01
6.442598300469184469e-01
6.629046873294348607e-01
5.880582529878262132e-01
6.730289025834989003e-01
6.442598300469184469e-01
6.442598300469184469e-01
3.580064721941706996e-01
3.598270747255265523e-01
6.442598300469184469e-01
6.442598300469184469e-01
6.629046873294348607e-01
3.202535083212837974e-01
3.926303447644913236e-01
6.629046873294348607e-01
4.080630550386544764e-01
5.880582529878262132e-01
5.880582529878262132e-01
6.442598300469184469e-01
2.962797402518895229e-01
6.442598300469184469e-01
5.880582529878262132e-01
6.442598300469184469e-01
3.926303447644913236e-01
3.763185898163739496e-01
5.880582529878262132e-01
6.442598300469184469e-01
6.519891208200910837e-01
6.519891208200910837e-01
6.442598300469184469e-01
6.186823113577359923e-01
5.880582529878262132e-01
3.508803695422808011e-01
6.442598300469184469e-01
6.421538217160113193e-01
5.880582529878262132e-01
3.763185898163739496e-01
6.519891208200910837e-01
3.235603545865718966e-01
6.442598300469184469e-01
6.442598300469184469e-01
5.880582529878262132e-01
6.442598300469184469e-01
6.442598300469184469e-01
3.330846956258906588e-01
6.442598300469184469e-01
6.442598300469184469e-01
6.442598300469184469e-01
6.442598300469184469e-01
6.629046873294348607e-01
3.598270747255265523e-01
6.442598300469184469e-01
6.442598300469184469e-01
6.421538217160113193e-01
6.421538217160113193e-01
6.442598300469184469e-01
6.442598300469184469e-01
3.202535083212837974e-01
4.185061229555062656e-01
3.681538406258356710e-01
6.442598300469184469e-01
6.442598300469184469e-01
5.880582529878262132e-01
6.519891208200910837e-01
5.880582529878262132e-01
3.588407257047931953e-01
5.880582529878262132e-01
2.873793054175134976e-01
3.598270747255265523e-01
3.761558305304437133e-01
5.186352022345800394e-01
6.442598300469184469e-01
6.442598300469184469e-01
3.925643048671859092e-01
6.442598300469184469e-01
3.925643048671859092e-01
6.519891208200910837e-01
6.442598300469184469e-01
3.330846956258906588e-01
3.598270747255265523e-01
3.925643048671859092e-01
3.583295751022797515e-01
3.330846956258906588e-01
5.880582529878262132e-01
3.761558305304437133e-01
5.880582529878262132e-01
6.730289025834989003e-01
6.442598300469184469e-01
3.689618280017975538e-01
4.015167999246870845e-01
5.880582529878262132e-01
5.880582529878262132e-01
3.892955721344496522e-01
6.442598300469184469e-01
6.519891208200910837e-01
6.519891208200910837e-01
6.442598300469184469e-01
3.330846956258906588e-01
5.687106990458333788e-01
3.138067326892945430e-01
5.880582529878262132e-01
6.442598300469184469e-01
6.442598300469184469e-01
6.186823113577359923e-01
6.730289025834989003e-01
5.880582529878262132e-01
3.159282343014199745e-01
6.421538217160113193e-01
6.519891208200910837e-01
5.617925588897959566e-01
5.880582529878262132e-01
6.442598300469184469e-01
6.442598300469184469e-01
6.519891208200910837e-01
5.880582529878262132e-01
6.421538217160113193e-01
3.588407257047931953e-01
5.880582529878262132e-01
6.442598300469184469e-01
6.442598300469184469e-01
6.519891208200910837e-01
6.442598300469184469e-01
6.519891208200910837e-01
5.880582529878262132e-01
2.962797402518895229e-01
3.813969685149272149e-01
4.603343717888330189e-01
6.442598300469184469e-01
3.892955721344496522e-01
6.519891208200910837e-01
6.442598300469184469e-01
5.880582529878262132e-01
6.442598300469184469e-01
6.442598300469184469e-01
6.442598300469184469e-01
6.442598300469184469e-01
6.442598300469184469e-01
6.519891208200910837e-01
3.892955721344496522e-01
3.892955721344496522e-01
6.442598300469184469e-01
4.080630550386544764e-01
6.519891208200910837e-01
6.442598300469184469e-01
5.880582529878262132e-01
4.015167999246870845e-01
3.330846956258906588e-01
6.442598300469184469e-01
6.730289025834989003e-01
6.442598300469184469e-01
6.442598300469184469e-01
6.442598300469184469e-01
6.629046873294348607e-01
5.880582529878262132e-01
6.442598300469184469e-01
6.629046873294348607e-01
6.442598300469184469e-01
6.442598300469184469e-01
6.442598300469184469e-01
3.681538406258356710e-01
6.442598300469184469e-01
6.629046873294348607e-01
6.442598300469184469e-01
5.880582529878262132e-01
3.689618280017975538e-01
6.442598300469184469e-01
5.880582529878262132e-01
6.442598300469184469e-01
3.450290157078578224e-01
6.442598300469184469e-01
6.519891208200910837e-01
6.629046873294348607e-01
6.519891208200910837e-01
6.442598300469184469e-01
3.892955721344496522e-01
6.442598300469184469e-01
6.629046873294348607e-01
6.629046873294348607e-01
5.880582529878262132e-01
6.442598300469184469e-01
5.880582529878262132e-01
6.519891208200910837e-01
6.629046873294348607e-01
3.763185898163739496e-01
6.442598300469184469e-01
6.442598300469184469e-01
6.519891208200910837e-01
6.519891208200910837e-01
6.442598300469184469e-01
6.421538217160113193e-01
6.442598300469184469e-01
6.442598300469184469e-01
3.226499407464518132e-01
6.442598300469184469e-01
5.422535912717131312e-01
6.442598300469184469e-01
3.698069050637001198e-01
6.442598300469184469e-01
6.442598300469184469e-01
5.880582529878262132e-01
6.442598300469184469e-01
5.880582529878262132e-01
5.551882470028345340e-01
3.689618280017975538e-01
6.629046873294348607e-01
6.442598300469184469e-01
6.442598300469184469e-01
5.880582529878262132e-01
3.841408464321308114e-01
6.442598300469184469e-01
6.629046873294348607e-01
6.442598300469184469e-01
5.880582529878262132e-01
2.962797402518895229e-01
3.330846956258906588e-01
6.519891208200910837e-01
5.880582529878262132e-01
3.892955721344496522e-01
6.421538217160113193e-01
3.235538705503784307e-01
5.880582529878262132e-01
6.442598300469184469e-01
5.880582529878262132e-01
5.880582529878262132e-01
6.442598300469184469e-01
6.730289025834989003e-01
5.880582529878262132e-01
6.519891208200910837e-01
6.730289025834989003e-01
6.442598300469184469e-01
6.629046873294348607e-01
3.202535083212837974e-01
3.330846956258906588e-01
6.519891208200910837e-01
5.880582529878262132e-01
6.442598300469184469e-01
6.442598300469184469e-01
6.442598300469184469e-01
6.442598300469184469e-01
6.629046873294348607e-01
6.442598300469184469e-01
6.442598300469184469e-01
6.442598300469184469e-01
3.926303447644913236e-01
5.880582529878262132e-01
6.442598300469184469e-01
3.583295751022797515e-01
6.442598300469184469e-01
6.421538217160113193e-01
4.343227825942415632e-01
6.442598300469184469e-01
6.442598300469184469e-01
6.442598300469184469e-01
6.421538217160113193e-01
4.463143447856692259e-01
6.442598300469184469e-01
6.442598300469184469e-01
3.763185898163739496e-01
3.580064721941706996e-01
3.202535083212837974e-01
6.442598300469184469e-01
5.880582529878262132e-01
6.442598300469184469e-01
6.519891208200910837e-01
5.880582529878262132e-01
6.442598300469184469e-01
6.442598300469184469e-01
3.226499407464518132e-01
6.442598300469184469e-01
3.698069050637001198e-01
6.442598300469184469e-01
6.442598300469184469e-01
6.186823113577359923e-01
6.519891208200910837e-01
6.442598300469184469e-01
6.442598300469184469e-01
6.442598300469184469e-01
6.442598300469184469e-01
3.202535083212837974e-01
6.442598300469184469e-01
5.880582529878262132e-01
6.442598300469184469e-01
6.442598300469184469e-01
6.442598300469184469e-01
4.162864605919760486e-01
6.442598300469184469e-01
6.442598300469184469e-01
6.442598300469184469e-01
3.580064721941706996e-01
3.916090821486509777e-01
4.506973151981368830e-01
6.442598300469184469e-01
6.519891208200910837e-01
6.442598300469184469e-01
6.442598300469184469e-01
6.730289025834989003e-01
6.442598300469184469e-01
6.421538217160113193e-01
6.442598300469184469e-01
3.813316317890953489e-01
4.015167999246870845e-01
6.442598300469184469e-01
3.917083400313863262e-01
3.661042001219496078e-01
3.434635175985352729e-01
4.015167999246870845e-01
3.330846956258906588e-01
6.442598300469184469e-01
6.442598300469184469e-01
6.442598300469184469e-01
5.880582529878262132e-01
3.226499407464518132e-01
6.629046873294348607e-01
6.442598300469184469e-01
3.330846956258906588e-01
6.442598300469184469e-01
6.519891208200910837e-01
6.442598300469184469e-01
3.330846956258906588e-01
6.629046873294348607e-01
6.442598300469184469e-01
6.442598300469184469e-01
3.790450015993225286e-01
5.880582529878262132e-01
5.880582529878262132e-01
6.442598300469184469e-01
3.138067326892945430e-01
3.451139654151192393e-01
5.880582529878262132e-01
5.880582529878262132e-01
6.442598300469184469e-01
5.880582529878262132e-01
6.442598300469184469e-01
6.442598300469184469e-01
6.730289025834989003e-01
5.880582529878262132e-01
2.962797402518895229e-01
3.330510549213834270e-01
6.442598300469184469e-01
6.442598300469184469e-01
6.519891208200910837e-01
6.442598300469184469e-01
3.226499407464518132e-01
6.442598300469184469e-01
6.442598300469184469e-01
6.519891208200910837e-01
6.442598300469184469e-01
6.442598300469184469e-01
6.519891208200910837e-01
2.962797402518895229e-01
6.519891208200910837e-01
6.519891208200910837e-01
6.629046873294348607e-01
6.442598300469184469e-01
5.880582529878262132e-01
5.880582529878262132e-01
6.442598300469184469e-01
6.442598300469184469e-01
4.604795976030832683e-01
6.442598300469184469e-01
6.442598300469184469e-01
5.880582529878262132e-01
6.519891208200910837e-01
6.442598300469184469e-01
4.195491578807860611e-01
6.629046873294348607e-01
3.926303447644913236e-01
3.661042001219496078e-01
5.867915458929345851e-01
3.330846956258906588e-01
6.532137955963793763e-01
3.435845358742549149e-01
6.519891208200910837e-01
6.519891208200910837e-01
5.880582529878262132e-01
6.442598300469184469e-01
6.730289025834989003e-01
6.442598300469184469e-01
3.330846956258906588e-01
6.442598300469184469e-01
6.519891208200910837e-01
6.442598300469184469e-01
6.730289025834989003e-01
6.442598300469184469e-01
6.442598300469184469e-01
6.730289025834989003e-01
6.442598300469184469e-01
6.442598300469184469e-01
6.442598300469184469e-01
6.629046873294348607e-01
6.442598300469184469e-01
3.167128065769675982e-01
3.925643048671859092e-01
6.629046873294348607e-01
6.442598300469184469e-01
6.519891208200910837e-01
3.661042001219496078e-01
5.880582529878262132e-01
3.174646205653244291e-01
6.442598300469184469e-01
6.442598300469184469e-01
6.442598300469184469e-01
6.629046873294348607e-01
6.442598300469184469e-01
6.442598300469184469e-01
6.730289025834989003e-01
6.442598300469184469e-01
6.442598300469184469e-01
6.442598300469184469e-01
4.195491578807860611e-01
6.442598300469184469e-01
3.763185898163739496e-01
3.782376324089288810e-01
5.880582529878262132e-01
6.442598300469184469e-01
4.080630550386544764e-01
6.442598300469184469e-01
6.442598300469184469e-01
6.285306702035998727e-01
5.880582529878262132e-01
6.629046873294348607e-01
3.598270747255265523e-01
6.421538217160113193e-01
5.880582529878262132e-01
6.519891208200910837e-01
5.880582529878262132e-01
6.421538217160113193e-01
5.880582529878262132e-01
5.880582529878262132e-01
6.442598300469184469e-01
6.442598300469184469e-01
5.572978137541996224e-01
5.880582529878262132e-01
3.722015159578242471e-01
3.661042001219496078e-01
4.909561185954124940e-01
4.265910833245897260e-01
6.519891208200910837e-01
3.226499407464518132e-01
4.462913621377465612e-01
4.195491578807860611e-01
5.880582529878262132e-01
3.679648317339785368e-01
6.442598300469184469e-01
6.421538217160113193e-01
5.751222262261475038e-01
3.330846956258906588e-01
6.442598300469184469e-01
5.880582529878262132e-01
5.880582529878262132e-01
5.880582529878262132e-01
6.519891208200910837e-01
6.442598300469184469e-01
3.330846956258906588e-01
6.442598300469184469e-01
6.442598300469184469e-01
2.960077489634139192e-01
3.892955721344496522e-01
3.892955721344496522e-01
6.442598300469184469e-01
6.442598300469184469e-01
3.926303447644913236e-01
3.782281679774656680e-01
4.129471853352873478e-01
5.880582529878262132e-01
6.519891208200910837e-01
5.880582529878262132e-01
6.442598300469184469e-01
6.442598300469184469e-01
3.722015159578242471e-01
5.880582529878262132e-01
6.442598300469184469e-01
5.880582529878262132e-01
6.442598300469184469e-01
6.442598300469184469e-01
6.519891208200910837e-01
6.442598300469184469e-01
6.519891208200910837e-01
6.442598300469184469e-01
5.880582529878262132e-01
3.330846956258906588e-01
6.442598300469184469e-01
6.442598300469184469e-01
3.689618280017975538e-01
6.442598300469184469e-01
6.442598300469184469e-01
6.442598300469184469e-01
6.442598300469184469e-01
6.442598300469184469e-01
5.880582529878262132e-01
6.629046873294348607e-01
6.442598300469184469e-01
6.186823113577359923e-01
6.442598300469184469e-01
6.442598300469184469e-01
6.442598300469184469e-01
6.442598300469184469e-01
6.442598300469184469e-01
6.629046873294348607e-01
6.442598300469184469e-01
3.138067326892945430e-01
5.880582529878262132e-01
6.186823113577359923e-01
6.442598300469184469e-01
6.730289025834989003e-01
6.442598300469184469e-01
6.519891208200910837e-01
6.442598300469184469e-01
3.330846956258906588e-01
5.880582529878262132e-01
6.629046873294348607e-01
6.442598300469184469e-01
6.442598300469184469e-01
3.744912507936713486e-01
3.681632022344329402e-01
5.880582529878262132e-01
4.806755295163721020e-01
6.442598300469184469e-01
4.461933556233533826e-01
3.330846956258906588e-01
5.880582529878262132e-01
6.442598300469184469e-01
5.880582529878262132e-01
6.442598300469184469e-01
6.442598300469184469e-01
3.926303447644913236e-01
4.023800201872201332e-01
6.442598300469184469e-01
6.442598300469184469e-01
6.730289025834989003e-01
3.679648317339785368e-01
3.698069050637001198e-01
6.442598300469184469e-01
6.442598300469184469e-01
3.226499407464518132e-01
6.442598300469184469e-01
6.442598300469184469e-01
2.962797402518895229e-01
6.442598300469184469e-01
5.880582529878262132e-01
6.442598300469184469e-01
4.052879221517626251e-01
6.442598300469184469e-01
5.494961600714970418e-01
3.332051249791106451e-01
3.202535083212837974e-01
4.185061229555062656e-01
6.442598300469184469e-01
6.442598300469184469e-01
3.077141867758183547e-01
6.629046873294348607e-01
6.629046873294348607e-01
6.442598300469184469e-01
6.442598300469184469e-01
6.442598300469184469e-01
3.330846956258906588e-01
5.880582529878262132e-01
6.442598300469184469e-01
6.442598300469184469e-01
4.129471853352873478e-01
6.442598300469184469e-01
3.074667381903458674e-01
6.442598300469184469e-01
5.880582529878262132e-01
4.450114745784662929e-01
6.442598300469184469e-01
6.421538217160113193e-01
5.880582529878262132e-01
6.730289025834989003e-01
6.442598300469184469e-01
3.892955721344496522e-01
6.629046873294348607e-01
3.253092289779048740e-01
3.330846956258906588e-01
6.629046873294348607e-01
5.880582529878262132e-01
6.275448463347380601e-01
6.442598300469184469e-01
6.442598300469184469e-01
6.519891208200910837e-01
6.442598300469184469e-01
5.880582529878262132e-01
6.519891208200910837e-01
5.422535912717131312e-01
6.442598300469184469e-01
6.442598300469184469e-01
6.442598300469184469e-01
6.519891208200910837e-01
5.880582529878262132e-01
6.442598300469184469e-01
2.650681255444321538e-01
6.629046873294348607e-01
6.442598300469184469e-01
3.661042001219496078e-01
6.421538217160113193e-01
6.442598300469184469e-01
6.730289025834989003e-01
6.442598300469184469e-01
6.442598300469184469e-01
6.442598300469184469e-01
3.330846956258906588e-01
3.917083400313863262e-01
6.519891208200910837e-01
5.880582529878262132e-01
6.519891208200910837e-01
3.892955721344496522e-01
6.442598300469184469e-01
6.421538217160113193e-01
3.640354172042725711e-01
3.330846956258906588e-01
6.442598300469184469e-01
6.442598300469184469e-01
5.880582529878262132e-01
3.892955721344496522e-01
6.442598300469184469e-01
3.598270747255265523e-01
6.442598300469184469e-01
6.634813130414957127e-01
6.442598300469184469e-01
6.442598300469184469e-01
3.159282343014199745e-01
6.442598300469184469e-01
3.588407257047931953e-01
3.661042001219496078e-01
6.442598300469184469e-01
6.442598300469184469e-01
6.442598300469184469e-01
6.442598300469184469e-01
3.689618280017975538e-01
5.358364581495806966e-01
6.629046873294348607e-01
3.661042001219496078e-01
5.880582529878262132e-01
5.186352022345800394e-01
3.763185898163739496e-01
3.330846956258906588e-01
3.330846956258906588e-01
6.442598300469184469e-01
4.129471853352873478e-01
6.442598300469184469e-01
5.880582529878262132e-01
6.442598300469184469e-01
4.030475432953735671e-01
6.421538217160113193e-01
2.962797402518895229e-01
3.756674765417180595e-01
5.217769696709991800e-01
6.442598300469184469e-01
6.442598300469184469e-01
6.519891208200910837e-01
6.519891208200910837e-01
5.819949083497168996e-01
6.730289025834989003e-01
6.442598300469184469e-01
6.442598300469184469e-01
3.761558305304437133e-01
6.442598300469184469e-01
6.442598300469184469e-01
3.270482597479503761e-01
6.442598300469184469e-01
5.880582529878262132e-01
4.015167999246870845e-01
6.442598300469184469e-01
3.833977869988703380e-01
6.442598300469184469e-01
6.442598300469184469e-01
6.442598300469184469e-01
3.330846956258906588e-01
6.442598300469184469e-01
6.442598300469184469e-01
3.235603545865718966e-01
3.330846956258906588e-01
3.892955721344496522e-01
5.880582529878262132e-01
6.442598300469184469e-01
6.442598300469184469e-01
3.330846956258906588e-01
5.880582529878262132e-01
5.880582529878262132e-01
3.330846956258906588e-01
3.253092289779048740e-01
5.880582529878262132e-01
6.442598300469184469e-01
6.442598300469184469e-01
6.442598300469184469e-01
6.084709769379790245e-01
5.880582529878262132e-01
6.442598300469184469e-01
6.442598300469184469e-01
6.442598300469184469e-01
6.442598300469184469e-01
6.442598300469184469e-01
6.442598300469184469e-01
6.442598300469184469e-01
6.730289025834989003e-01
6.519891208200910837e-01
6.629046873294348607e-01
6.442598300469184469e-01
6.442598300469184469e-01
3.226499407464518132e-01
6.519891208200910837e-01
6.442598300469184469e-01
3.202535083212837974e-01
5.551882470028345340e-01
6.442598300469184469e-01
6.519891208200910837e-01
6.442598300469184469e-01
5.880582529878262132e-01
6.629046873294348607e-01
6.442598300469184469e-01
6.442598300469184469e-01
6.442598300469184469e-01
3.339471668006515626e-01
6.442598300469184469e-01
6.442598300469184469e-01
6.442598300469184469e-01
3.689618280017975538e-01
6.442598300469184469e-01
6.519891208200910837e-01
6.442598300469184469e-01
5.880582529878262132e-01
6.285306702035998727e-01
6.442598300469184469e-01
6.519891208200910837e-01
4.030475432953735671e-01
3.580064721941706996e-01
5.880582529878262132e-01
6.442598300469184469e-01
6.442598300469184469e-01
5.880582529878262132e-01
6.442598300469184469e-01
4.162864605919760486e-01
6.442598300469184469e-01
6.442598300469184469e-01
6.442598300469184469e-01
6.442598300469184469e-01
5.880582529878262132e-01
6.442598300469184469e-01
6.442598300469184469e-01
6.442598300469184469e-01
6.442598300469184469e-01
3.580064721941706996e-01
5.880582529878262132e-01
5.880582529878262132e-01
5.880582529878262132e-01
3.661042001219496078e-01
3.580064721941706996e-01
5.880582529878262132e-01
6.442598300469184469e-01
6.442598300469184469e-01
6.442598300469184469e-01
6.519891208200910837e-01
6.442598300469184469e-01
6.442598300469184469e-01
6.442598300469184469e-01
6.442598300469184469e-01
6.442598300469184469e-01
6.442598300469184469e-01
4.603343717888330189e-01
3.761558305304437133e-01
3.253092289779048740e-01
3.583295751022797515e-01
6.442598300469184469e-01
6.442598300469184469e-01
5.880582529878262132e-01
3.330846956258906588e-01
5.880582529878262132e-01
6.421538217160113193e-01
5.617925588897959566e-01
6.442598300469184469e-01
6.519891208200910837e-01
6.629046873294348607e-01
5.880582529878262132e-01
3.813316317890953489e-01
6.442598300469184469e-01
3.330846956258906588e-01
6.442598300469184469e-01
5.880582529878262132e-01
6.519891208200910837e-01
6.442598300469184469e-01
6.442598300469184469e-01
6.519891208200910837e-01
6.442598300469184469e-01
3.598270747255265523e-01
6.442598300469184469e-01
6.442598300469184469e-01
3.330846956258906588e-01
3.763185898163739496e-01
6.442598300469184469e-01
4.080630550386544764e-01
6.442598300469184469e-01
6.442598300469184469e-01
6.442598300469184469e-01
3.330846956258906588e-01
6.442598300469184469e-01
6.442598300469184469e-01
6.442598300469184469e-01
6.629046873294348607e-01
3.722015159578242471e-01
5.880582529878262132e-01
5.867915458929345851e-01
6.442598300469184469e-01
6.442598300469184469e-01
3.892955721344496522e-01
6.442598300469184469e-01
6.442598300469184469e-01
6.519891208200910837e-01
6.442598300469184469e-01
3.679648317339785368e-01
6.442598300469184469e-01
3.671577573525929838e-01
6.519891208200910837e-01
6.442598300469184469e-01
5.819949083497168996e-01
2.873793054175134976e-01
3.167128065769675982e-01
6.442598300469184469e-01
5.880582529878262132e-01
5.142999942797622515e-01
6.442598300469184469e-01
3.761558305304437133e-01
6.442598300469184469e-01
6.442598300469184469e-01
6.442598300469184469e-01
2.962797402518895229e-01
5.880582529878262132e-01
6.519891208200910837e-01
6.519891208200910837e-01
6.629046873294348607e-01
5.880582529878262132e-01
3.226499407464518132e-01
3.226499407464518132e-01
3.917083400313863262e-01
6.629046873294348607e-01
6.442598300469184469e-01
6.442598300469184469e-01
6.442598300469184469e-01
6.421538217160113193e-01
6.629046873294348607e-01
6.442598300469184469e-01
5.880582529878262132e-01
6.519891208200910837e-01
3.598270747255265523e-01
6.442598300469184469e-01
4.603343717888330189e-01
3.689618280017975538e-01
3.926303447644913236e-01
6.629046873294348607e-01
6.442598300469184469e-01
6.442598300469184469e-01
6.442598300469184469e-01
3.926303447644913236e-01
6.421538217160113193e-01
3.330846956258906588e-01
6.629046873294348607e-01
6.519891208200910837e-01
6.442598300469184469e-01
6.629046873294348607e-01
4.015167999246870845e-01
4.553133986720857562e-01
3.330846956258906588e-01
5.880582529878262132e-01
3.598270747255265523e-01
6.519891208200910837e-01
6.442598300469184469e-01
6.442598300469184469e-01
3.202535083212837974e-01
6.442598300469184469e-01
6.442598300469184469e-01
6.421538217160113193e-01
3.926303447644913236e-01
6.629046873294348607e-01
6.442598300469184469e-01
6.442598300469184469e-01
6.519891208200910837e-01
6.442598300469184469e-01
6.074497883927520991e-01
5.880582529878262132e-01
5.880582529878262132e-01
6.519891208200910837e-01
6.442598300469184469e-01
3.474383523046184474e-01
5.880582529878262132e-01
6.442598300469184469e-01
6.442598300469184469e-01
6.442598300469184469e-01
6.107320833130911453e-01
6.629046873294348607e-01
6.442598300469184469e-01
6.442598300469184469e-01
6.519891208200910837e-01
3.925643048671859092e-01
5.867915458929345851e-01
6.421538217160113193e-01
3.763185898163739496e-01
6.442598300469184469e-01
6.442598300469184469e-01
3.253092289779048740e-01
6.442598300469184469e-01
6.442598300469184469e-01
6.442598300469184469e-01
3.428420202241971304e-01
6.442598300469184469e-01
6.519891208200910837e-01
6.442598300469184469e-01
6.442598300469184469e-01
5.880582529878262132e-01
6.519891208200910837e-01
6.442598300469184469e-01
6.442598300469184469e-01
6.442598300469184469e-01
6.442598300469184469e-01
6.442598300469184469e-01
3.330846956258906588e-01
6.442598300469184469e-01
3.330846956258906588e-01
5.421933008708987867e-01
6.629046873294348607e-01
6.442598300469184469e-01
6.442598300469184469e-01
3.661042001219496078e-01
6.519891208200910837e-01
5.880582529878262132e-01
6.442598300469184469e-01
6.442598300469184469e-01
6.442598300469184469e-01
6.519891208200910837e-01
3.813316317890953489e-01
5.880582529878262132e-01
6.442598300469184469e-01
3.689618280017975538e-01
3.138067326892945430e-01
6.442598300469184469e-01
5.880582529878262132e-01
2.962797402518895229e-01
6.442598300469184469e-01
6.442598300469184469e-01
5.880582529878262132e-01
6.629046873294348607e-01
6.442598300469184469e-01
3.892955721344496522e-01
6.442598300469184469e-01
6.442598300469184469e-01
6.442598300469184469e-01
6.442598300469184469e-01
6.442598300469184469e-01
6.730289025834989003e-01
5.880582529878262132e-01
6.442598300469184469e-01
6.442598300469184469e-01
5.880582529878262132e-01
6.442598300469184469e-01
6.442598300469184469e-01
6.442598300469184469e-01
3.892955721344496522e-01
6.442598300469184469e-01
6.442598300469184469e-01
6.442598300469184469e-01
6.442598300469184469e-01
6.442598300469184469e-01
3.689618280017975538e-01
5.867915458929345851e-01
3.044614677767371047e-01
6.442598300469184469e-01
6.629046873294348607e-01
3.763185898163739496e-01
3.330846956258906588e-01
6.629046873294348607e-01
6.629046873294348607e-01
2.962797402518895229e-01
2.873793054175134976e-01
6.442598300469184469e-01
6.442598300469184469e-01
4.129471853352873478e-01
6.519891208200910837e-01
6.730289025834989003e-01
6.442598300469184469e-01
6.519891208200910837e-01
6.519891208200910837e-01
3.074667381903458674e-01
6.442598300469184469e-01
5.502003750810424698e-01
6.629046873294348607e-01
6.519891208200910837e-01
3.925643048671859092e-01
6.442598300469184469e-01
6.442598300469184469e-01
6.519891208200910837e-01
3.167128065769675982e-01
3.689618280017975538e-01
6.442598300469184469e-01
6.442598300469184469e-01
6.285306702035998727e-01
6.442598300469184469e-01
3.763185898163739496e-01
3.330846956258906588e-01
3.782376324089288810e-01
6.442598300469184469e-01
3.330846956258906588e-01
5.617925588897959566e-01
5.880582529878262132e-01
6.442598300469184469e-01
6.519891208200910837e-01
6.442598300469184469e-01
6.442598300469184469e-01
5.880582529878262132e-01
3.330846956258906588e-01
6.519891208200910837e-01
6.519891208200910837e-01
3.202535083212837974e-01
6.442598300469184469e-01
3.074667381903458674e-01
6.629046873294348607e-01
6.442598300469184469e-01
3.253092289779048740e-01
5.880582529878262132e-01
6.519891208200910837e-01
6.442598300469184469e-01
6.519891208200910837e-01
3.926303447644913236e-01
5.880582529878262132e-01
3.330846956258906588e-01
6.519891208200910837e-01
3.926303447644913236e-01
5.880582529878262132e-01
3.330846956258906588e-01
3.330846956258906588e-01
6.442598300469184469e-01
6.186823113577359923e-01
4.553133986720857562e-01
6.442598300469184469e-01
6.519891208200910837e-01
5.880582529878262132e-01
6.442598300469184469e-01
6.442598300469184469e-01
6.442598300469184469e-01
6.629046873294348607e-01
6.442598300469184469e-01
6.442598300469184469e-01
6.629046873294348607e-01
5.880582529878262132e-01
3.689618280017975538e-01
6.442598300469184469e-01
5.880582529878262132e-01
6.442598300469184469e-01
3.427198980498712966e-01
3.451139654151192393e-01
3.763185898163739496e-01
6.442598300469184469e-01
3.138067326892945430e-01
6.442598300469184469e-01
3.253092289779048740e-01
6.442598300469184469e-01
6.629046873294348607e-01
6.519891208200910837e-01
6.442598300469184469e-01
6.442598300469184469e-01
6.442598300469184469e-01
6.442598300469184469e-01
6.442598300469184469e-01
6.442598300469184469e-01
6.442598300469184469e-01
3.598270747255265523e-01
6.442598300469184469e-01
6.519891208200910837e-01
6.442598300469184469e-01
6.629046873294348607e-01
3.253092289779048740e-01
6.442598300469184469e-01
3.704445284598701926e-01
6.442598300469184469e-01
6.442598300469184469e-01
6.442598300469184469e-01
6.519891208200910837e-01
6.442598300469184469e-01
6.442598300469184469e-01
5.880582529878262132e-01
6.519891208200910837e-01
6.442598300469184469e-01
6.442598300469184469e-01
6.519891208200910837e-01
5.880582529878262132e-01
3.573450396269191032e-01
5.880582529878262132e-01
6.442598300469184469e-01
6.442598300469184469e-01
3.138067326892945430e-01
6.442598300469184469e-01
4.603343717888330189e-01
6.442598300469184469e-01
3.598270747255265523e-01
6.519891208200910837e-01
6.629046873294348607e-01
6.442598300469184469e-01
6.442598300469184469e-01
6.629046873294348607e-01
6.442598300469184469e-01
2.962797402518895229e-01
6.421538217160113193e-01
2.930423494955960995e-01
6.532137955963793763e-01
6.519891208200910837e-01
6.442598300469184469e-01
5.880582529878262132e-01
6.442598300469184469e-01
6.442598300469184469e-01
3.330846956258906588e-01
3.598270747255265523e-01
6.442598300469184469e-01
4.797864568467677948e-01
4.343227825942415632e-01
5.617925588897959566e-01
5.880582529878262132e-01
5.880582529878262132e-01
6.442598300469184469e-01
6.442598300469184469e-01
6.442598300469184469e-01
6.442598300469184469e-01
6.442598300469184469e-01
6.629046873294348607e-01
6.442598300469184469e-01
6.442598300469184469e-01
6.519891208200910837e-01
3.763185898163739496e-01
5.880582529878262132e-01
6.442598300469184469e-01
3.684241469805909497e-01
6.442598300469184469e-01
5.142999942797622515e-01
6.442598300469184469e-01
6.629046873294348607e-01
5.880582529878262132e-01
6.442598300469184469e-01
6.442598300469184469e-01
3.917083400313863262e-01
5.880582529878262132e-01
5.880582529878262132e-01
6.442598300469184469e-01
6.442598300469184469e-01
6.442598300469184469e-01
6.442598300469184469e-01
4.882432889680240473e-01
5.880582529878262132e-01
3.330846956258906588e-01
6.519891208200910837e-01
6.442598300469184469e-01
5.880582529878262132e-01
3.689618280017975538e-01
6.442598300469184469e-01
3.235538705503784307e-01
5.154528599452474769e-01
6.519891208200910837e-01
6.442598300469184469e-01
6.442598300469184469e-01
6.442598300469184469e-01
6.730289025834989003e-01
5.442674817859908254e-01
6.421538217160113193e-01
6.442598300469184469e-01
6.442598300469184469e-01
5.880582529878262132e-01
3.926303447644913236e-01
6.442598300469184469e-01
6.442598300469184469e-01
3.833318861417642220e-01
6.442598300469184469e-01
6.442598300469184469e-01
5.880582529878262132e-01
5.880582529878262132e-01
3.159282343014199745e-01
6.442598300469184469e-01
4.343227825942415632e-01
5.880582529878262132e-01
3.330846956258906588e-01
3.330846956258906588e-01
6.442598300469184469e-01
5.880582529878262132e-01
5.880582529878262132e-01
3.940251183936074320e-01
3.926303447644913236e-01
3.330846956258906588e-01
3.138067326892945430e-01
6.519891208200910837e-01
2.962797402518895229e-01
6.442598300469184469e-01
5.880582529878262132e-01
6.442598300469184469e-01
6.519891208200910837e-01
6.442598300469184469e-01
6.186823113577359923e-01
6.629046873294348607e-01
3.320021186973222127e-01
6.442598300469184469e-01
3.330846956258906588e-01
6.442598300469184469e-01
3.926303447644913236e-01
5.880582529878262132e-01
6.442598300469184469e-01
3.856855717187589461e-01
6.442598300469184469e-01
5.880582529878262132e-01
6.442598300469184469e-01
6.442598300469184469e-01
6.519891208200910837e-01
3.330846956258906588e-01
3.202535083212837974e-01
6.442598300469184469e-01
6.442598300469184469e-01
6.519891208200910837e-01
6.519891208200910837e-01
6.442598300469184469e-01
6.442598300469184469e-01
6.629046873294348607e-01
5.880582529878262132e-01
5.880582529878262132e-01
3.926303447644913236e-01
6.442598300469184469e-01
4.662344704217225577e-01
6.442598300469184469e-01
6.442598300469184469e-01
3.671577573525929838e-01
3.698069050637001198e-01
6.442598300469184469e-01
3.598270747255265523e-01
6.442598300469184469e-01
4.463143447856692259e-01
3.661042001219496078e-01
5.706976465857217518e-01
3.354458065940972844e-01
6.442598300469184469e-01
3.330846956258906588e-01
6.285306702035998727e-01
6.442598300469184469e-01
6.442598300469184469e-01
6.519891208200910837e-01
5.867915458929345851e-01
6.442598300469184469e-01
6.519891208200910837e-01
6.442598300469184469e-01
3.894365365396955103e-01
3.926303447644913236e-01
3.689618280017975538e-01
5.399637764143120355e-01
6.442598300469184469e-01
4.603343717888330189e-01
3.763691992667345665e-01
3.235603545865718966e-01
3.330846956258906588e-01
6.442598300469184469e-01
3.698069050637001198e-01
6.442598300469184469e-01
3.925643048671859092e-01
3.813316317890953489e-01
3.679648317339785368e-01
6.442598300469184469e-01
6.629046873294348607e-01
5.880582529878262132e-01
4.080630550386544764e-01
4.015167999246870845e-01
6.442598300469184469e-01
6.442598300469184469e-01
6.442598300469184469e-01
4.523472703357248603e-01
6.442598300469184469e-01
3.330846956258906588e-01
3.408065456430642848e-01
3.332051249791106451e-01
6.442598300469184469e-01
6.442598300469184469e-01
5.098942278436993103e-01
6.442598300469184469e-01
6.519891208200910837e-01
3.892955721344496522e-01
6.442598300469184469e-01
3.679648317339785368e-01
3.330846956258906588e-01
6.519891208200910837e-01
6.442598300469184469e-01
6.442598300469184469e-01
3.580064721941706996e-01
6.629046873294348607e-01
3.202535083212837974e-01
6.519891208200910837e-01
6.629046873294348607e-01
5.617925588897959566e-01
4.984880910116950559e-01
3.330846956258906588e-01
6.629046873294348607e-01
6.519891208200910837e-01
6.519891208200910837e-01
6.442598300469184469e-01
3.330846956258906588e-01
6.519891208200910837e-01
6.629046873294348607e-01
3.598270747255265523e-01
4.707805991989666428e-01
6.442598300469184469e-01
6.442598300469184469e-01
6.442598300469184469e-01
3.167128065769675982e-01
3.159282343014199745e-01
6.442598300469184469e-01
6.442598300469184469e-01
3.330846956258906588e-01
6.442598300469184469e-01
6.629046873294348607e-01
6.442598300469184469e-01
6.442598300469184469e-01
6.442598300469184469e-01
6.442598300469184469e-01
4.740179244137707193e-01
2.962797402518895229e-01
6.186823113577359923e-01
3.763185898163739496e-01
6.442598300469184469e-01
6.442598300469184469e-01
6.442598300469184469e-01
6.629046873294348607e-01
6.442598300469184469e-01
3.330846956258906588e-01
3.167128065769675982e-01
3.202535083212837974e-01
5.880582529878262132e-01
5.880582529878262132e-01
6.442598300469184469e-01
6.442598300469184469e-01
6.442598300469184469e-01
3.661042001219496078e-01
6.442598300469184469e-01
6.442598300469184469e-01
6.442598300469184469e-01
3.330846956258906588e-01
6.442598300469184469e-01
6.442598300469184469e-01
6.629046873294348607e-01
3.763185898163739496e-01
5.819949083497168996e-01
6.442598300469184469e-01
6.442598300469184469e-01
4.015167999246870845e-01
6.442598300469184469e-01
5.880582529878262132e-01
3.698069050637001198e-01
6.519891208200910837e-01
6.519891208200910837e-01
6.442598300469184469e-01
6.442598300469184469e-01
6.442598300469184469e-01
6.442598300469184469e-01
2.962797402518895229e-01
3.330846956258906588e-01
3.926303447644913236e-01
6.442598300469184469e-01
6.442598300469184469e-01
3.698069050637001198e-01
6.442598300469184469e-01
6.442598300469184469e-01
5.880582529878262132e-01
6.442598300469184469e-01
6.442598300469184469e-01
3.330846956258906588e-01
6.442598300469184469e-01
5.880582529878262132e-01
5.880582529878262132e-01
6.519891208200910837e-01
3.917083400313863262e-01
6.442598300469184469e-01
6.442598300469184469e-01
6.442598300469184469e-01
6.442598300469184469e-01
4.846063659712632754e-01
6.442598300469184469e-01
3.833977869988703380e-01
6.442598300469184469e-01
6.442598300469184469e-01
6.442598300469184469e-01
6.519891208200910837e-01
6.442598300469184469e-01
6.442598300469184469e-01
3.330510549213834270e-01
4.030475432953735671e-01
6.442598300469184469e-01
4.692217747322309229e-01
6.442598300469184469e-01
