9.983738651786491225e-01
9.990324910333197028e-01
7.496796802727703213e-01
9.990324910333197028e-01
9.990324910333197028e-01
7.300806030235339472e-01
1.619762149965146836e-02
9.993488849691845033e-01
9.905501117000142797e-01
8.295117786551490235e-01
6.509390954537029872e-01
1.100885521320583149e-01
9.928878719467212344e-01
2.918640491112368604e-02
9.929493969561276057e-01
9.702345147679598547e-01
3.170406831315979168e-02
9.983689985103594289e-01
9.864129283807921977e-01
9.990324910333197028e-01
9.990324910333197028e-01
9.930102998125901470e-01
9.990324910333197028e-01
1.673731513379593874e-02
9.990324910333197028e-01
2.825530920544493396e-01
9.991938802039614931e-01
9.990240054716057472e-01
9.993869358862318419e-01
9.930102998125901470e-01
9.990324910333197028e-01
7.250218445375795628e-01
9.966630736401670410e-01
9.990154210791151179e-01
9.982906826808056744e-01
1.495456743367972602e-02
1.367544567636113512e-02
9.929493969561276057e-01
9.919532532765366062e-01
7.094730244229772165e-01
6.933804274032123738e-01
9.990324910333197028e-01
1.003370857365728543e-02
9.930102998125901470e-01
6.767679308364071833e-01
9.930102998125901470e-01
9.683161238734345755e-01
9.912614611530615738e-01
4.450071090567287446e-01
1.672704127398113791e-02
9.930102998125901470e-01
9.990833072306485318e-01
9.859721261300050665e-01
9.930102998125901470e-01
6.682755877200752259e-01
9.929493969561276057e-01
9.930102998125901470e-01
9.993418221496821463e-01
3.250292091258264598e-02
3.007254697280217076e-02
5.226964144446833577e-03
9.930102998125901470e-01
6.682755877200752259e-01
7.567633242955689177e-01
9.990324910333197028e-01
2.987849947059141240e-02
9.930102998125901470e-01
1.673731513379593874e-02
9.990324910333197028e-01
9.992071734505487690e-01
9.930102998125901470e-01
5.744879146287190652e-01
2.120670862649130239e-01
9.990240054716057472e-01
1.239459727626083738e-02
9.930102998125901470e-01
9.987042245227861770e-01
9.990324910333197028e-01
9.990153774488174099e-01
7.094730244229772165e-01
9.871432343366862705e-01
7.614042647808327846e-01
9.990324910333197028e-01
9.251476403668815185e-02
9.928878719467212344e-01
2.836340941408554972e-01
9.988406153019275813e-01
9.993199683455834537e-01
9.222373544170009430e-02
9.930102998125901470e-01
5.902288855047922445e-01
9.990324910333197028e-01
1.387098341280447282e-02
9.990240054716057472e-01
7.375105821119137817e-03
9.980047400999227936e-01
3.313203329230981486e-01
9.990833072306485318e-01
9.930102998125901470e-01
9.864400167300676481e-01
9.791089868325592027e-01
1.425069814093697373e-01
9.930102998125901470e-01
9.930102998125901470e-01
9.789725591821937245e-01
3.026118102943053251e-02
9.900899268251935892e-01
9.930102998125901470e-01
9.989258438413906038e-01
9.990324910333197028e-01
9.929493969561276057e-01
9.990324910333197028e-01
9.926995157849576312e-01
9.883675991119880155e-01
9.928257231695883922e-01
1.118168716612606972e-01
7.325863413813687997e-01
9.990973998176846393e-01
9.928257231695883922e-01
9.930102998125901470e-01
1.254142583995586195e-02
9.990324910333197028e-01
9.929493969561276057e-01
2.833500045388513411e-01
9.813557578268615744e-01
9.990324910333197028e-01
6.511604935954923290e-02
8.282859580327466692e-03
6.913919125930530034e-03
9.929493969561276057e-01
1.187836847973533332e-02
9.991827708131416630e-01
1.119196001934868873e-01
9.930102998125901470e-01
9.930102998125901470e-01
1.617137464568816491e-02
9.904945400226254915e-01
9.930102998125901470e-01
9.989828318871342150e-01
9.990324910333197028e-01
9.930102998125901470e-01
9.990154210791151179e-01
9.393292923759838722e-03
9.992236879805941330e-01
9.978336640319780404e-01
9.906741895117741059e-01
9.990324910333197028e-01
9.930102998125901470e-01
9.986258744593108361e-01
9.222373544170009430e-02
9.930102998125901470e-01
3.305986444411310732e-01
9.930102998125901470e-01
9.990833072306485318e-01
9.990833072306485318e-01
9.222373544170009430e-02
9.998609208373924195e-01
9.930102998125901470e-01
9.930102998125901470e-01
3.307076582457738612e-01
6.309415176029102394e-03
1.658766404548522866e-02
9.222383757086646816e-02
9.993751255907823428e-01
9.930102998125901470e-01
9.990324910333197028e-01
9.929493969561276057e-01
9.983309326274669715e-01
9.861218579081257873e-01
9.929493969561276057e-01
1.675161572291934339e-02
9.990833072306485318e-01
1.510774408620863159e-02
9.930102998125901470e-01
1.739307935325556248e-02
9.990324910333197028e-01
7.496796802727703213e-01
9.929493969561276057e-01
9.702345107727086138e-01
9.930102998125901470e-01
2.423793071446297617e-02
9.222373544170009430e-02
9.991950755913742155e-01
1.375690986900226717e-02
9.990359360524195820e-01
5.437552507175845706e-01
9.929092490757375211e-01
9.990324910333197028e-01
9.990324910333197028e-01
9.998445342745866382e-01
9.930102998125901470e-01
7.121027853934743801e-01
9.993252589946182152e-01
9.873252472601476981e-01
6.450609972539994574e-01
7.375502079942388711e-01
9.990324910333197028e-01
9.928878719467212344e-01
9.900624466884919705e-01
9.990324910333197028e-01
9.930102998125901470e-01
9.958189196303028623e-03
7.375502079942388711e-01
9.990324910333197028e-01
9.990324910333197028e-01
9.992762880121587310e-01
9.990324910333197028e-01
6.210918845877146932e-01
9.967416140866398599e-01
9.990154210791151179e-01
7.520571271523510681e-01
3.306393108975409501e-01
9.990833072306485318e-01
9.968701988650616741e-01
7.796683715404539861e-01
9.881991197573422592e-03
7.849322645031766438e-03
9.930102998125901470e-01
6.105834874390344939e-03
9.990324910333197028e-01
3.015738319234401166e-02
9.930102998125901470e-01
9.990240054716057472e-01
9.985465849065717769e-01
9.930102998125901470e-01
7.704898274346295706e-01
8.498195773791772031e-03
9.929493969561276057e-01
1.344335582024785286e-02
9.931362003972284969e-01
1.435152869766224103e-02
9.992336260338967602e-01
9.251476403668815185e-02
9.990324910333197028e-01
9.930102998125901470e-01
9.990324910333197028e-01
6.509390954537029872e-01
9.986970750298410637e-01
9.989823524303149682e-01
9.930102998125901470e-01
9.887537104989573278e-01
9.930102998125901470e-01
9.820402006530193351e-01
9.990324910333197028e-01
9.929493969561276057e-01
6.851374805211610797e-01
3.015742824020627502e-02
9.990240054716057472e-01
1.496909018611323333e-02
9.930102998125901470e-01
9.930102998125901470e-01
9.990324910333197028e-01
9.990324910333197028e-01
9.865842969736283719e-01
9.930102998125901470e-01
9.990324910333197028e-01
9.990833072306485318e-01
9.928257231695883922e-01
9.988800154798580522e-01
9.990324910333197028e-01
1.376041596216810436e-01
9.990324910333197028e-01
3.003212896282565769e-02
9.990324910333197028e-01
9.884475071480192110e-01
9.930102998125901470e-01
9.830658199858672841e-01
9.930102998125901470e-01
9.989890660723146354e-01
9.899008073873226676e-01
9.990324910333197028e-01
9.934580426789723084e-01
8.592942535757744707e-03
6.180477363037574223e-01
9.912544239938195778e-01
9.900899283952006025e-01
7.400082463740471628e-01
9.993925048175563708e-01
1.335032054675996081e-02
1.617137464568816491e-02
9.987947423556644555e-01
1.327883745378518471e-02
1.028287542422407982e-02
9.990833072306485318e-01
9.990833072306485318e-01
9.211584013647028044e-03
9.929493969561276057e-01
9.990154210791151179e-01
6.567684942276472704e-01
9.930102998125901470e-01
9.980801597771209455e-01
9.794832821855399552e-03
9.930102998125901470e-01
9.280907589690313986e-02
9.930102998125901470e-01
2.836341381316419552e-01
9.990324910333197028e-01
9.857975664523429549e-01
6.752126564477441140e-03
6.001815014780692917e-03
8.655003395193120938e-03
3.563034444343819718e-02
3.306864618953015422e-01
9.930102998125901470e-01
7.448761723874868235e-01
9.733375149804416315e-01
1.118168716612606972e-01
9.930102998125901470e-01
9.990324910333197028e-01
9.990067379901111932e-01
7.857575716883780093e-01
9.885765403119114447e-01
9.930102998125901470e-01
2.836341381316419552e-01
9.821849608569809265e-01
9.930102998125901470e-01
9.930102998125901470e-01
1.618431642970760698e-02
1.227176460435747650e-02
9.760280223853594617e-01
9.929493969561276057e-01
9.877507411223225287e-01
6.933804274032123738e-01
9.990324910333197028e-01
6.532448471012686046e-03
1.618431642970760698e-02
7.483492719951888479e-03
9.930102998125901470e-01
9.990833072306485318e-01
6.509390954537029872e-01
9.777082641475135505e-01
9.991477062642832863e-01
9.990324910333197028e-01
9.815140636348163028e-01
9.929493969561276057e-01
6.179437644426485216e-02
6.252187363416356232e-03
9.990833072306485318e-01
4.923508184889896500e-02
1.619762149965146836e-02
9.930102998125901470e-01
9.893998641547099501e-03
9.990324910333197028e-01
9.991915932627496444e-01
1.538381280740882401e-02
9.789212059568782598e-01
1.339756033570825393e-02
9.990240054716057472e-01
2.987849947059141240e-02
9.930102998125901470e-01
9.929493969561276057e-01
9.997610725546061117e-01
9.930102998125901470e-01
9.930102998125901470e-01
6.682755877200752259e-01
9.930102998125901470e-01
9.990324910333197028e-01
9.993451219930942209e-01
9.990324910333197028e-01
9.882775573415987225e-01
1.617137464568816491e-02
9.990240054716057472e-01
9.928540497091702388e-01
6.795716381839380649e-01
9.928878719467212344e-01
9.990324910333197028e-01
9.929493969561276057e-01
9.990047181395489417e-01
6.150842544687219055e-03
5.272555789924161622e-03
9.990324910333197028e-01
3.007251089073740766e-02
2.052810390958031278e-02
9.931664457580013927e-01
9.929493969561276057e-01
7.094730244229772165e-01
9.990324910333197028e-01
6.014257672717284071e-03
9.961111360143557469e-01
3.306235879222740315e-01
9.915566104331295927e-01
9.930102998125901470e-01
9.990324910333197028e-01
9.993995106625369607e-01
9.928878719467212344e-01
9.978253280967006589e-01
9.890275825536181120e-01
6.878993762558469616e-01
9.990324910333197028e-01
9.990324910333197028e-01
1.171591301618356840e-01
8.089789836654189825e-01
9.855346123713555340e-01
7.771317139760088866e-01
8.495452223221822141e-01
9.993794895694945168e-01
7.448761723874868235e-01
9.929493969561276057e-01
1.618431642970760698e-02
1.673731513379593874e-02
1.115512486651942664e-01
9.990324910333197028e-01
7.375502079942388711e-01
1.163366505479049989e-02
9.990154210791151179e-01
9.990324910333197028e-01
9.990324910333197028e-01
9.222373544170009430e-02
2.822696846666902792e-01
6.520199241700378456e-01
9.993197278836938313e-01
8.657571427807344427e-03
1.618431642970760698e-02
9.990324910333197028e-01
9.930102998125901470e-01
3.251295839717640579e-01
9.930102998125901470e-01
7.920547313165021697e-01
1.618431642970760698e-02
9.930102998125901470e-01
1.673733381279426599e-02
9.990324910333197028e-01
1.673733381279426599e-02
7.520571271523510681e-01
9.863392054705648615e-01
9.990324910333197028e-01
9.990324910333197028e-01
1.266606069030231339e-02
9.992313483629697846e-01
9.929493969561276057e-01
9.984568476933135539e-01
1.658766404548522866e-02
9.756302588432006484e-01
9.990324910333197028e-01
1.336712203676938132e-02
6.180477363037574223e-01
9.930102998125901470e-01
7.586821073162538197e-03
1.419483348729111243e-02
9.990324910333197028e-01
9.990833072306485318e-01
9.251476403668815185e-02
9.991088195861814736e-01
9.992708571226481817e-01
9.930102998125901470e-01
5.819039920163534586e-03
9.977203775131741059e-01
9.990154210791151179e-01
7.041681303032177874e-01
9.990324910333197028e-01
9.990324910333197028e-01
9.990324910333197028e-01
9.930102998125901470e-01
9.930102998125901470e-01
9.926582895126613293e-01
9.990324910333197028e-01
9.990324910333197028e-01
9.990833072306485318e-01
9.930102998125901470e-01
7.147173952511876038e-01
1.096344837102766062e-01
9.987752376321115122e-01
1.063156873322844594e-02
9.990490746442233227e-01
9.935149147459950703e-01
9.985850391463489961e-01
2.691535004800083355e-02
9.776061520805101601e-01
1.040596737591844949e-02
9.990324910333197028e-01
9.990833072306485318e-01
3.564466617167573632e-03
9.990324910333197028e-01
9.929493969561276057e-01
9.909300247364613012e-01
7.472859998565647421e-01
9.985322373250742345e-01
9.930102998125901470e-01
1.129711453718015846e-02
9.998625947046064777e-01
9.222373544170009430e-02
9.783762651304030999e-01
9.933350142994638032e-01
9.930102998125901470e-01
9.994510864565939734e-01
9.990324910333197028e-01
9.893758972149619968e-01
9.990324910333197028e-01
6.480060372198098717e-01
9.990240054716057472e-01
1.863104508903926093e-02
9.990324910333197028e-01
9.929493969561276057e-01
9.914757900807190660e-01
9.993053009391276165e-01
9.930102998125901470e-01
9.990067379901111932e-01
9.990324910333197028e-01
9.203350626417075228e-03
9.902803395101716921e-01
6.538599885459032146e-01
3.675860308269335852e-01
2.825530920544493396e-01
9.998369962481764572e-01
8.795676550566707344e-03
9.990324910333197028e-01
1.512552840911241848e-02
9.990077838274123989e-01
9.856986583982828565e-01
3.372371539805468776e-01
2.825530481651766235e-01
3.496907902195602325e-01
9.929493969561276057e-01
1.503300618730924083e-02
5.808058628686869618e-01
1.617137464568816491e-02
9.930102998125901470e-01
9.929493969561276057e-01
9.926019127587853985e-01
9.990833072306485318e-01
9.890275867020663636e-01
9.990240054716057472e-01
9.979903239042507979e-01
9.990649939333333673e-01
9.990324910333197028e-01
5.414747776946951356e-03
9.985167471685320040e-01
9.930102998125901470e-01
1.352392215576314789e-02
9.928878719467212344e-01
9.990324910333197028e-01
7.173166531054057105e-01
9.930102998125901470e-01
1.658766404548522866e-02
9.928878719467212344e-01
1.037642777851563100e-02
9.018313377111774123e-03
9.990324910333197028e-01
7.014933038993929060e-01
7.068280925552546945e-01
9.930102998125901470e-01
9.990324910333197028e-01
6.654182117490464732e-01
9.990324910333197028e-01
9.222383757086646816e-02
4.756279711080761523e-03
9.930102998125901470e-01
9.930102998125901470e-01
1.378876343357498570e-02
9.930102998125901470e-01
9.990324910333197028e-01
9.985843072938779263e-01
1.673731513379593874e-02
1.673731513379593874e-02
9.990324910333197028e-01
8.522271740191879677e-03
9.929493969561276057e-01
9.967436193185146287e-01
9.008711558135847411e-03
4.425727760675633726e-02
1.658766404548522866e-02
7.496796802727703213e-01
9.990324910333197028e-01
9.990324910333197028e-01
9.930102998125901470e-01
9.930102998125901470e-01
1.158106766596377242e-02
9.929493969561276057e-01
9.929493969561276057e-01
7.718369942549237542e-03
9.990324910333197028e-01
9.990324910333197028e-01
9.990324910333197028e-01
7.400082463740471628e-01
9.783762558756772254e-01
9.990324910333197028e-01
9.990324910333197028e-01
9.992925501580349756e-01
9.983985803906058054e-01
9.930102998125901470e-01
9.990324910333197028e-01
9.990324910333197028e-01
9.588071410449263213e-03
9.990324910333197028e-01
6.933804274032123738e-01
9.930102998125901470e-01
6.851374805211610797e-01
9.849128336700720965e-01
6.301624496434138356e-01
9.990833072306485318e-01
9.990833072306485318e-01
6.654182117490464732e-01
1.617137464568816491e-02
9.990324910333197028e-01
7.350762354855840952e-01
7.350762354855840952e-01
1.940809868987860426e-02
9.930102998125901470e-01
9.930102998125901470e-01
9.928257231695883922e-01
9.990324910333197028e-01
1.617139270381295207e-02
1.621134174593186206e-02
9.930102998125901470e-01
6.823615214851469490e-01
9.930102998125901470e-01
9.990240054716057472e-01
9.929493969561276057e-01
9.768331369731463321e-01
7.590919542599141590e-01
7.215850278489542406e-03
1.121863702851681188e-01
9.930102998125901470e-01
9.990240054716057472e-01
7.544183480751613935e-01
2.429527428871461683e-02
9.930102998125901470e-01
9.930102998125901470e-01
9.877058999208468970e-01
6.960993289128648565e-01
9.818185117264800477e-01
9.990324910333197028e-01
9.990324910333197028e-01
6.630409572521289360e-03
8.008595679667102410e-03
9.928878719467212344e-01
9.927847724801492912e-01
9.917431894116771618e-01
2.987849947059141240e-02
9.871263342606959035e-02
9.901161958082996817e-01
1.075149994105681628e-01
7.472859998565647421e-01
6.682755877200752259e-01
9.930102998125901470e-01
1.960818422828790319e-02
9.990240054716057472e-01
6.088562487658553124e-01
9.990240054716057472e-01
9.251476403668815185e-02
1.232596059753080127e-02
7.173166531054057105e-01
9.990833072306485318e-01
9.989503631835434661e-01
9.992772373594337454e-01
9.930102998125901470e-01
9.785280015005620724e-01
6.421041300452946521e-01
5.207627542397713812e-03
9.928878719467212344e-01
9.987490454539503792e-01
7.496796802727703213e-01
1.165475352641049366e-02
9.990991898847000341e-01
1.253814561100046257e-02
9.929493969561276057e-01
9.990324910333197028e-01
7.659798235064425587e-01
9.929493969561276057e-01
9.990240054716057472e-01
1.602720132764247352e-02
9.990753055076306843e-01
9.990324910333197028e-01
9.990154210791151179e-01
9.928878719467212344e-01
9.912951152861737558e-01
6.855824456020587557e-03
9.990324910333197028e-01
9.929493969561276057e-01
9.974324627124275811e-01
9.941242749559263681e-01
9.929493969561276057e-01
9.930102998125901470e-01
3.079300208539008724e-02
1.154552984197978194e-01
5.317592434014860835e-03
9.990324910333197028e-01
9.930102998125901470e-01
6.361557273366565957e-01
9.933653819459755674e-01
6.767679308364071833e-01
6.075361255795677651e-03
7.121027853934743801e-01
5.429291739838838782e-03
6.880064328868677054e-03
8.053223020380107303e-03
3.409266376691322820e-01
9.930102998125901470e-01
9.990324910333197028e-01
1.382572504088030486e-02
9.930102998125901470e-01
1.421897958989349307e-02
9.985120212918779936e-01
9.930102998125901470e-01
1.618431642970760698e-02
8.718066870760370068e-03
1.318360559032484211e-02
1.746583583806757267e-02
1.602720132764247352e-02
6.739506044835165133e-01
6.383159691669576877e-03
7.325863413813687997e-01
9.801506878686413460e-01
9.990154210791151179e-01
1.186013998829871414e-02
1.494437659650831203e-02
6.361557273366565957e-01
7.068280925552546945e-01
2.825530920544493396e-01
9.990324910333197028e-01
9.992920074208238024e-01
9.928230194571263656e-01
9.930102998125901470e-01
2.426628748200413549e-02
8.442210852593085013e-01
3.032211890145591893e-02
6.088562487658553124e-01
9.930102998125901470e-01
9.930102998125901470e-01
9.741632177340641130e-01
9.780312022779434900e-01
7.567633242955689177e-01
7.851634027841220345e-03
9.932375548173906221e-01
9.991846988588208855e-01
3.306956917386211225e-01
6.795716381839380649e-01
9.990240054716057472e-01
9.930102998125901470e-01
9.985107021242740633e-01
8.002220501937108432e-01
9.998620357718168705e-01
6.321085076992952537e-03
7.224689876978021008e-01
9.990324910333197028e-01
9.990324910333197028e-01
9.987810873349272089e-01
9.930102998125901470e-01
9.980931466555030829e-01
6.851374805211610797e-01
1.504175417462099394e-02
9.222383757086646816e-02
5.416591506427075320e-01
9.930102998125901470e-01
2.833500045388513411e-01
9.922137759748783647e-01
9.930102998125901470e-01
6.625477693356406350e-01
9.930102998125901470e-01
9.930102998125901470e-01
9.930102998125901470e-01
9.930102998125901470e-01
9.990324910333197028e-01
9.923388708711416983e-01
2.857386922746397162e-01
2.908866683876275561e-01
9.990833072306485318e-01
1.085473659046825440e-01
9.982082149985774810e-01
9.990154210791151179e-01
7.300806030235339472e-01
1.493480870884018180e-02
1.618431642970760698e-02
9.930102998125901470e-01
9.813114326466634285e-01
9.930102998125901470e-01
9.929493969561276057e-01
9.990324910333197028e-01
9.898210262680483540e-01
6.149935710236641428e-01
9.930102998125901470e-01
9.910060885498215288e-01
9.990324910333197028e-01
9.990324910333197028e-01
9.990067379901111932e-01
5.537004160126777173e-03
9.930102998125901470e-01
9.869344937124838735e-01
9.930102998125901470e-01
6.057735752288198050e-01
1.042721829987546325e-02
9.990324910333197028e-01
7.224689876978021008e-01
9.990324910333197028e-01
2.996907338073659735e-02
9.990324910333197028e-01
9.990121813892434144e-01
9.914474250988624116e-01
9.924616757739763706e-01
9.930102998125901470e-01
2.836341381316419552e-01
9.930102998125901470e-01
9.909152147195474658e-01
9.884107189881999878e-01
6.960993289128648565e-01
9.929493969561276057e-01
6.878993762558469616e-01
9.966256000706141815e-01
9.880637351650852773e-01
1.273815099540726546e-02
9.929493969561276057e-01
9.929493969561276057e-01
9.980995962274000766e-01
9.993963001248162836e-01
9.990324910333197028e-01
9.984806859235968446e-01
9.929493969561276057e-01
9.990324910333197028e-01
1.617139270381295207e-02
9.929493969561276057e-01
9.992072642036292640e-01
9.990324910333197028e-01
7.363868212465400284e-03
9.930102998125901470e-01
9.990240054716057472e-01
7.727201846089211124e-01
9.930102998125901470e-01
6.654182117490464732e-01
9.085729719276374183e-01
1.028386645954412065e-02
9.902727254690127934e-01
9.929493969561276057e-01
9.930102998125901470e-01
6.180477363037574223e-01
1.535604992844353568e-02
9.990324910333197028e-01
9.920720896050538862e-01
9.930102998125901470e-01
7.472859998565647421e-01
3.475536273122117881e-02
1.602720132764247352e-02
9.982256522285622991e-01
7.400082463740471628e-01
2.833500045388513411e-01
9.984305299349218732e-01
4.882923896234472871e-03
6.057735752288198050e-01
9.930102998125901470e-01
6.450609972539994574e-01
7.121027853934743801e-01
9.990240054716057472e-01
9.822466367461610837e-01
7.275590726996152835e-01
9.975552259555243717e-01
9.797164382646221803e-01
9.990324910333197028e-01
9.850639095938019674e-01
3.011366287284158311e-02
1.602720132764247352e-02
9.981833698349653616e-01
7.250218445375795628e-01
9.930102998125901470e-01
9.930102998125901470e-01
9.990324910333197028e-01
9.990324910333197028e-01
9.873252472601476981e-01
9.930102998125901470e-01
9.990067379901111932e-01
9.930102998125901470e-01
9.222373544170009430e-02
6.823615214851469490e-01
9.990324910333197028e-01
1.746583583806757267e-02
9.930102998125901470e-01
9.977856642596623082e-01
5.114614711088727797e-03
9.930102998125901470e-01
9.930102998125901470e-01
9.930102998125901470e-01
9.988357366390440140e-01
9.695816007622336252e-02
9.990324910333197028e-01
9.930102998125901470e-01
1.172716332378457085e-02
1.094125435789537922e-02
3.016879762516122901e-02
9.990833072306485318e-01
7.567633242955689177e-01
9.930102998125901470e-01
9.978648853379128436e-01
6.711197816899932000e-01
9.930102998125901470e-01
9.930102998125901470e-01
1.658768254361758787e-02
9.990324910333197028e-01
6.178778754982103966e-03
9.929493969561276057e-01
9.930102998125901470e-01
9.777534098337312685e-01
9.935197128025760049e-01
9.925707197618340860e-01
9.990324910333197028e-01
9.990324910333197028e-01
9.990324910333197028e-01
3.007980112096342654e-02
9.990324910333197028e-01
6.057735752288198050e-01
9.930102998125901470e-01
9.930102998125901470e-01
9.929493969561276057e-01
7.366300580522944230e-02
9.930102998125901470e-01
9.930102998125901470e-01
9.930102998125901470e-01
8.816175641902214422e-03
1.088772706511831195e-01
4.338284181121664952e-03
9.990240054716057472e-01
9.990039243498046728e-01
9.990324910333197028e-01
9.930102998125901470e-01
9.826998655739797028e-01
9.990324910333197028e-01
9.989700456854966326e-01
9.990324910333197028e-01
1.331657995747747604e-02
1.446760745751014647e-02
9.990324910333197028e-01
1.525599546205079655e-02
1.133372290728919610e-02
1.035418288241747031e-01
1.300027258074439029e-02
1.661613746863664642e-02
9.990240054716057472e-01
9.990324910333197028e-01
9.990833072306485318e-01
6.361557273366565957e-01
1.617139270381295207e-02
9.914127044634153396e-01
9.930102998125901470e-01
1.603991826282156336e-02
9.928878719467212344e-01
9.988895936122356156e-01
9.990324910333197028e-01
1.618431642970760698e-02
9.917915267750190278e-01
9.990324910333197028e-01
9.930102998125901470e-01
9.273321330434659837e-03
7.350762354855840952e-01
7.250218445375795628e-01
9.990324910333197028e-01
3.105116432075002292e-02
8.398122832162532511e-03
6.625477693356406350e-01
6.682755877200752259e-01
9.930102998125901470e-01
7.068280925552546945e-01
9.990324910333197028e-01
9.930102998125901470e-01
9.792004982555799764e-01
6.767679308364071833e-01
1.136238702738499515e-02
6.867201520418258695e-03
9.990324910333197028e-01
9.990324910333197028e-01
9.992336743706076163e-01
9.930102998125901470e-01
1.618433453031202854e-02
9.990324910333197028e-01
9.990324910333197028e-01
9.993891778348060750e-01
9.990324910333197028e-01
9.990324910333197028e-01
9.990130727104731267e-01
8.173504489179531790e-03
9.990083680234403962e-01
9.932245167865230151e-01
9.902399808220001542e-01
9.990240054716057472e-01
6.795716381839380649e-01
7.375502079942388711e-01
9.930102998125901470e-01
9.990324910333197028e-01
5.534466242745326482e-03
9.928878719467212344e-01
9.929493969561276057e-01
6.739506044835165133e-01
9.976175054170915990e-01
9.990324910333197028e-01
1.075148790162355761e-01
9.912614630457312614e-01
9.222373544170009430e-02
9.567443654319099031e-03
9.997620693918028989e-01
1.658766404548522866e-02
9.907427572313642905e-01
6.961850101620668807e-03
9.992925501580349756e-01
9.989038523674272918e-01
6.878993762558469616e-01
9.930102998125901470e-01
9.784216034893988834e-01
9.990833072306485318e-01
2.484028544293389804e-02
9.929493969561276057e-01
9.976692661386944438e-01
9.929493969561276057e-01
9.807969853036512253e-01
9.930102998125901470e-01
9.990324910333197028e-01
9.808614821648302673e-01
9.990324910333197028e-01
9.990324910333197028e-01
9.930102998125901470e-01
9.916554565555169010e-01
9.990324910333197028e-01
1.079279723418716773e-02
1.289266114473180611e-02
9.886659504081785066e-01
9.990240054716057472e-01
9.989777233911163457e-01
1.278603471956368982e-02
7.147173952511876038e-01
5.387777234650903586e-03
9.990324910333197028e-01
9.930102998125901470e-01
9.990324910333197028e-01
9.919013373746276008e-01
9.930102998125901470e-01
9.929493969561276057e-01
9.808865442795199341e-01
9.930102998125901470e-01
9.930102998125901470e-01
9.990324910333197028e-01
1.088138628659164608e-01
9.930102998125901470e-01
1.002550161050994211e-02
6.991291018913495248e-02
6.795716381839380649e-01
9.930102998125901470e-01
1.090840411390283371e-01
9.929493969561276057e-01
9.930102998125901470e-01
8.122291358318657339e-01
7.250218445375795628e-01
9.912264776479224881e-01
7.776974073617024669e-03
9.985093005047062098e-01
7.300806030235339472e-01
9.993350019526519024e-01
7.614042647808327846e-01
9.998625893199915016e-01
7.614042647808327846e-01
7.520571271523510681e-01
9.990324910333197028e-01
9.990154210791151179e-01
9.574397911871236344e-01
7.014933038993929060e-01
1.284804837532478594e-02
1.152567302995354155e-02
6.642676010707652123e-01
1.219565702382923167e-01
9.986635566051387247e-01
1.602721921127695653e-02
9.781656157923531714e-01
1.088138628659164608e-01
5.839543205108534973e-01
5.706720252107874702e-03
9.929493969561276057e-01
9.998625899508730708e-01
9.192981536582750524e-01
1.673731513379593874e-02
9.990324910333197028e-01
6.480060372198098717e-01
6.933804274032123738e-01
6.851374805211610797e-01
9.990796249274763730e-01
9.990833072306485318e-01
1.673731513379593874e-02
9.930102998125901470e-01
9.930102998125901470e-01
1.192835097120853276e-02
2.836341381316419552e-01
2.836340941408554972e-01
9.990324910333197028e-01
9.990324910333197028e-01
9.290547887392817950e-02
6.592462152996441359e-03
1.496250487106490050e-02
6.361557273366565957e-01
9.989072780563362786e-01
7.041681303032177874e-01
9.990240054716057472e-01
9.990324910333197028e-01
1.957214713461461614e-02
6.301624496434138356e-01
9.930102998125901470e-01
7.068280925552546945e-01
9.990324910333197028e-01
9.990324910333197028e-01
9.946817034729691365e-01
9.930102998125901470e-01
9.985383182454135031e-01
9.990324910333197028e-01
7.659798235064425587e-01
1.673731513379593874e-02
9.928878719467212344e-01
9.930102998125901470e-01
1.006993912806799889e-02
9.930102998125901470e-01
9.990240054716057472e-01
9.930102998125901470e-01
9.990324910333197028e-01
9.930102998125901470e-01
7.520571271523510681e-01
9.861315278738861378e-01
9.929493969561276057e-01
9.729898318690192172e-01
9.930102998125901470e-01
9.930102998125901470e-01
9.990240054716057472e-01
9.990240054716057472e-01
9.930102998125901470e-01
9.841519815657282511e-01
9.990324910333197028e-01
4.214530220834138141e-02
6.823615214851469490e-01
9.757417393161491592e-01
9.930102998125901470e-01
9.784491056410501431e-01
9.990154210791151179e-01
9.992851214581834896e-01
9.930102998125901470e-01
2.426628748200411467e-02
7.250218445375795628e-01
9.915065878827727941e-01
9.929493969561276057e-01
9.929493969561276057e-01
6.048282191248010795e-03
6.852125558470613387e-02
7.375502079942388711e-01
2.458962229901188457e-01
9.930102998125901470e-01
4.872072343028906460e-01
1.617137464568816491e-02
6.906470713340501222e-01
9.930102998125901470e-01
7.300806030235339472e-01
9.990324910333197028e-01
9.930102998125901470e-01
9.251476403668815185e-02
1.376509358552369805e-02
9.930102998125901470e-01
9.930102998125901470e-01
9.786381218235933321e-01
1.085955328952126209e-02
1.100573705843400571e-02
9.930102998125901470e-01
9.930102998125901470e-01
1.675161572291934339e-02
9.990324910333197028e-01
9.990067379901111932e-01
8.313188371300191115e-03
9.928878719467212344e-01
6.851374805211610797e-01
9.990154210791151179e-01
8.135849205488814018e-03
9.929493969561276057e-01
1.307073376718423940e-01
6.809364957429117800e-03
3.011824195530924189e-02
1.115512486651942664e-01
9.930102998125901470e-01
9.929493969561276057e-01
7.031844118922971933e-03
9.881994040442128036e-01
9.896877524251272984e-01
9.990833072306485318e-01
9.990833072306485318e-01
9.930102998125901470e-01
1.658766404548522866e-02
7.250218445375795628e-01
9.929493969561276057e-01
9.930102998125901470e-01
1.483197236585296827e-02
9.930102998125901470e-01
5.156591043631516234e-03
9.930102998125901470e-01
6.538599885459032146e-01
2.933976016158967304e-01
9.930102998125901470e-01
9.976079555694056245e-01
6.088562487658553124e-01
9.780044606855400335e-01
9.930102998125901470e-01
2.825530920544493396e-01
9.877984696109082252e-01
2.251715030374484144e-02
1.675159699901572485e-02
9.908088322484015498e-01
6.767679308364071833e-01
9.968723465421051033e-01
9.929493969561276057e-01
9.930102998125901470e-01
9.989292117551501482e-01
9.930102998125901470e-01
7.520571271523510681e-01
9.991877989360890000e-01
9.979370655511957677e-01
9.930102998125901470e-01
9.990833072306485318e-01
9.990240054716057472e-01
9.943279403489684309e-01
6.391356382089754540e-01
9.929493969561276057e-01
1.234276845935139422e-02
9.918575898025869808e-01
9.930102998125901470e-01
1.182645055857484487e-02
9.987453620147159761e-01
9.990240054716057472e-01
9.811817190058803595e-01
9.990324910333197028e-01
9.990833072306485318e-01
9.930102998125901470e-01
1.732386569320499073e-02
1.292852349396430948e-02
9.925847848029477616e-01
7.472859998565647421e-01
9.955433705130706246e-01
2.825530920544493396e-01
9.930102998125901470e-01
9.998602460387824298e-01
3.412846908768498583e-02
1.673731513379593874e-02
9.990833072306485318e-01
9.930102998125901470e-01
6.596644819306701768e-01
2.822696846666902792e-01
9.930102998125901470e-01
8.733582394831953741e-03
9.929493969561276057e-01
9.811001445763068984e-01
9.990240054716057472e-01
9.930102998125901470e-01
5.077816219748082331e-03
9.929493969561276057e-01
8.464102518024390134e-03
1.089378330785928037e-02
9.930102998125901470e-01
9.990324910333197028e-01
9.929493969561276057e-01
9.930102998125901470e-01
1.021273826622224289e-02
9.489545923160728202e-01
9.850164217843048187e-01
7.123452351019413792e-03
7.300806030235339472e-01
4.505718081784881313e-01
1.099717749449880162e-02
1.617137464568816491e-02
2.513665813769071222e-02
9.929493969561276057e-01
1.507891084525751248e-02
9.930102998125901470e-01
6.596644819306701768e-01
9.930102998125901470e-01
1.494066690231295007e-02
9.982596765625018076e-01
1.624269237958345796e-02
1.052609280537065810e-02
6.446501184811532781e-01
9.990833072306485318e-01
9.930102998125901470e-01
9.990352566454523409e-01
9.991569735119937290e-01
9.998618399444493265e-01
9.775729309766020281e-01
9.990324910333197028e-01
9.990324910333197028e-01
9.863896102894655071e-03
9.929493969561276057e-01
9.990240054716057472e-01
1.002938213322362299e-02
9.930102998125901470e-01
7.814774692185550986e-01
1.325848015588930798e-02
9.990324910333197028e-01
4.625316179813975664e-02
9.929493969561276057e-01
9.990833072306485318e-01
9.990324910333197028e-01
1.673731513379593874e-02
9.930102998125901470e-01
9.990154210791151179e-01
1.250994151467407778e-02
1.673731513379593874e-02
2.825530481651766235e-01
6.625477693356406350e-01
9.990833072306485318e-01
9.930102998125901470e-01
1.617137464568816491e-02
7.224689876978021008e-01
7.567633242955689177e-01
1.658766404548522866e-02
1.061495091348148463e-02
7.250218445375795628e-01
9.930102998125901470e-01
9.990324910333197028e-01
9.928878719467212344e-01
9.763094517672297190e-01
7.637002501948659816e-01
9.990324910333197028e-01
9.990240054716057472e-01
9.990324910333197028e-01
9.929493969561276057e-01
9.929493969561276057e-01
9.990240054716057472e-01
9.930102998125901470e-01
9.802078565204443983e-01
9.986389081642669252e-01
9.858404816362978940e-01
9.930102998125901470e-01
9.930102998125901470e-01
1.673733381279426599e-02
9.980312742515566882e-01
9.930102998125901470e-01
2.987849947059141240e-02
9.085729719276374183e-01
9.928878719467212344e-01
9.993869358129526814e-01
9.930102998125901470e-01
6.480060372198098717e-01
9.887537129656748247e-01
9.990154210791151179e-01
9.930102998125901470e-01
9.990324910333197028e-01
1.250957221588026511e-02
9.930102998125901470e-01
9.930102998125901470e-01
9.930102998125901470e-01
1.024716151711792950e-02
9.990324910333197028e-01
9.993033235301415074e-01
9.930102998125901470e-01
7.793127974021134552e-01
8.367989152588296564e-01
9.930102998125901470e-01
9.925802872486166883e-01
1.489471565733519083e-02
7.099002737930325442e-03
7.375502079942388711e-01
9.990324910333197028e-01
9.929493969561276057e-01
6.210918845877146932e-01
9.990324910333197028e-01
1.002637280715776291e-01
9.929493969561276057e-01
9.927847724801492912e-01
9.935149147459950703e-01
9.930102998125901470e-01
6.625477693356406350e-01
9.990324910333197028e-01
9.990240054716057472e-01
9.990324910333197028e-01
9.930102998125901470e-01
4.996806379419221206e-03
7.614042647808327846e-01
6.450609972539994574e-01
6.906470713340501222e-01
1.072708065235309857e-02
6.046132147795461702e-03
6.767679308364071833e-01
9.930102998125901470e-01
9.990324910333197028e-01
9.929493969561276057e-01
9.993823415955431777e-01
9.930102998125901470e-01
9.990324910333197028e-01
9.928878719467212344e-01
9.990324910333197028e-01
9.930102998125901470e-01
9.930102998125901470e-01
5.412090516300879228e-01
1.240254063086384390e-02
1.832231584946821673e-02
1.730859108553195816e-02
9.930102998125901470e-01
9.990833072306485318e-01
7.448761723874868235e-01
1.602720132764247352e-02
7.121027853934743801e-01
9.982636686097509093e-01
3.309688101247046932e-01
9.929493969561276057e-01
9.992099091203030525e-01
9.862423227487491229e-01
7.199005659652658595e-01
1.259584845464646607e-02
9.990324910333197028e-01
1.602720132764247352e-02
9.930102998125901470e-01
6.450609972539994574e-01
9.932828933068506005e-01
9.990324910333197028e-01
9.990324910333197028e-01
9.979619112242288370e-01
9.930102998125901470e-01
7.034084278277694634e-03
9.990324910333197028e-01
9.930102998125901470e-01
1.617137464568816491e-02
6.866324980647327270e-03
9.930102998125901470e-01
1.090840411390283371e-01
9.990154210791151179e-01
9.930102998125901470e-01
9.930102998125901470e-01
1.673731513379593874e-02
9.928878719467212344e-01
9.930102998125901470e-01
9.990324910333197028e-01
9.896877546769748957e-01
1.966072406793943975e-02
7.614042647808327846e-01
9.997551150475776360e-01
9.930102998125901470e-01
9.929493969561276057e-01
2.836341381316419552e-01
9.930102998125901470e-01
9.930102998125901470e-01
9.990289262260593217e-01
9.929493969561276057e-01
7.101675224295018324e-03
9.930102998125901470e-01
7.610122258754459246e-03
9.987111020127731331e-01
9.930102998125901470e-01
9.998612842643026521e-01
6.344111606784252552e-03
6.347286881585229024e-03
9.930102998125901470e-01
6.119296836576647580e-01
1.344263723582304892e-01
9.990324910333197028e-01
8.663601116699275184e-03
9.930102998125901470e-01
9.990324910333197028e-01
9.930102998125901470e-01
9.150326571851755478e-03
6.450609972539994574e-01
9.982089471746449227e-01
9.968174317375820825e-01
9.886222604153073190e-01
7.325863413813687997e-01
1.617139270381295207e-02
1.660173348475502478e-02
1.255571011679788504e-02
9.862423227487491229e-01
9.990324910333197028e-01
9.990324910333197028e-01
9.990324910333197028e-01
9.980180308539368106e-01
9.915359096815954398e-01
9.929493969561276057e-01
6.878993762558469616e-01
9.978573907165062540e-01
9.449609989774496177e-03
9.930102998125901470e-01
5.411540213750714035e-01
8.947180317609677164e-03
9.222373544170009430e-02
9.848871360207315240e-01
9.929493969561276057e-01
9.930102998125901470e-01
9.930344844411083116e-01
9.251476403668815185e-02
9.998506303107042026e-01
1.617137464568816491e-02
9.856986513404846217e-01
9.981523625606896211e-01
9.930102998125901470e-01
9.910755087476211811e-01
1.528092473867970896e-02
9.575717557834378946e-01
1.605300050048601504e-02
7.121027853934743801e-01
9.786826609713047617e-03
9.990610938137067798e-01
9.990324910333197028e-01
9.990324910333197028e-01
3.015738319234401166e-02
9.930102998125901470e-01
9.930102998125901470e-01
9.998625905180763551e-01
9.222373544170009430e-02
9.902729731066781671e-01
9.990833072306485318e-01
9.990324910333197028e-01
9.989864852729765099e-01
9.929493969561276057e-01
6.588570361318766277e-01
6.878993762558469616e-01
7.121027853934743801e-01
9.988800154798580522e-01
9.990240054716057472e-01
1.216329169299718710e-01
7.727201846089211124e-01
9.930102998125901470e-01
9.930102998125901470e-01
9.990324910333197028e-01
9.977944671243696995e-01
9.896459522436105161e-01
9.930102998125901470e-01
9.930102998125901470e-01
9.985936841951112974e-01
1.393339754085637198e-02
9.997617868223578341e-01
9.979672378796868859e-01
7.397492578180480359e-03
9.930102998125901470e-01
9.930102998125901470e-01
4.766799281694895224e-03
9.930102998125901470e-01
9.930102998125901470e-01
9.930102998125901470e-01
6.289677477078008637e-03
9.990324910333197028e-01
9.955287199992906011e-01
9.930102998125901470e-01
9.990324910333197028e-01
7.496796802727703213e-01
9.993921511646848277e-01
9.990240054716057472e-01
9.990324910333197028e-01
9.928878719467212344e-01
9.990324910333197028e-01
9.990324910333197028e-01
1.673731513379593874e-02
9.990324910333197028e-01
1.618431642970760698e-02
7.783684797952915568e-01
9.890362218144398421e-01
9.930102998125901470e-01
9.930102998125901470e-01
1.036250594906224995e-02
9.977862535700495750e-01
6.823615214851469490e-01
9.930102998125901470e-01
9.930102998125901470e-01
9.930102998125901470e-01
9.976899325239864114e-01
1.305760188479389294e-02
7.068280925552546945e-01
9.990324910333197028e-01
1.201017660424621471e-02
2.999436848935305502e-02
9.930102998125901470e-01
6.988036658855313332e-01
1.042871753723607214e-02
9.990833072306485318e-01
9.930102998125901470e-01
6.391356382089754540e-01
9.895743913357077925e-01
9.930102998125901470e-01
2.833500045388513411e-01
9.930102998125901470e-01
9.930102998125901470e-01
9.929493969561276057e-01
9.990324910333197028e-01
9.990324910333197028e-01
9.801753384286494564e-01
7.199005659652658595e-01
9.990324910333197028e-01
9.930102998125901470e-01
6.795716381839380649e-01
9.990324910333197028e-01
9.990324910333197028e-01
9.930102998125901470e-01
2.825530920544493396e-01
9.929493969561276057e-01
9.990324910333197028e-01
9.990324910333197028e-01
9.930102998125901470e-01
9.930102998125901470e-01
9.833338347980370708e-03
9.997605198449047714e-01
8.736046494963189968e-02
9.929493969561276057e-01
9.912943452109270748e-01
1.259450689857464362e-02
1.602720132764247352e-02
9.906382436074859799e-01
9.909408426774698464e-01
9.232709843921590998e-03
2.785167301824715419e-02
9.990833072306485318e-01
9.930102998125901470e-01
1.490001349552529976e-02
9.993735140718169596e-01
9.780044606855400335e-01
9.930102998125901470e-01
9.990401937232027407e-01
9.990900503679148725e-01
4.936766814214591133e-03
9.930102998125901470e-01
5.439405653233873039e-01
9.910628750990410074e-01
9.988277503656569634e-01
1.312949905756126932e-02
9.930102998125901470e-01
9.990324910333197028e-01
9.925169224442311755e-01
5.642798325222093264e-03
1.086522666005774150e-02
9.929493969561276057e-01
9.990324910333197028e-01
8.521472684318590618e-01
9.929493969561276057e-01
1.004629285221899336e-02
1.658766404548522866e-02
6.976231292370667358e-02
9.930102998125901470e-01
1.618431642970760698e-02
3.306550484056457462e-01
6.988036658855313332e-01
9.990324910333197028e-01
9.979399591360669231e-01
9.930102998125901470e-01
9.930102998125901470e-01
7.250218445375795628e-01
1.617137464568816491e-02
9.985383291373223225e-01
9.956843309054690394e-01
3.030854272639715505e-02
9.990240054716057472e-01
5.361961321537455673e-03
9.887749627009639886e-01
9.990324910333197028e-01
1.326033671256080480e-02
6.241258592041615261e-01
9.931418100586767439e-01
9.930102998125901470e-01
9.933653833573914405e-01
9.222373544170009430e-02
6.088562487658553124e-01
1.673731513379593874e-02
9.993644665644390024e-01
9.222373544170009430e-02
7.637002501948659816e-01
1.605300050048601504e-02
1.673731513379593874e-02
9.930102998125901470e-01
9.786053171734510059e-01
9.739051616495951746e-01
9.930102998125901470e-01
9.993123993109048753e-01
6.421041300452946521e-01
9.930102998125901470e-01
9.990324910333197028e-01
9.929493969561276057e-01
9.842133480807321311e-01
9.990324910333197028e-01
9.929493969561276057e-01
9.864383854767097004e-01
6.361557273366565957e-01
1.141957486318781294e-02
9.990324910333197028e-01
6.088562487658553124e-01
9.930102998125901470e-01
4.143895123233817118e-02
7.659768532900753865e-03
1.047674759053576592e-02
9.990324910333197028e-01
3.124287806146392593e-02
9.990324910333197028e-01
8.354403719321730482e-03
9.928878719467212344e-01
9.897686794105847730e-01
9.943853676747591575e-01
9.990833072306485318e-01
9.990154210791151179e-01
9.990324910333197028e-01
9.990324910333197028e-01
9.930102998125901470e-01
9.990324910333197028e-01
9.990324910333197028e-01
7.673257797239648598e-03
9.930102998125901470e-01
9.933653847688075356e-01
9.930102998125901470e-01
9.911628153070760616e-01
1.399726423978952215e-02
9.990833072306485318e-01
1.519791665206666684e-02
9.990324910333197028e-01
9.930102998125901470e-01
9.928257231695883922e-01
9.992054719628623571e-01
9.990067379901111932e-01
9.930102998125901470e-01
6.988036658855313332e-01
9.983964961749288713e-01
9.930102998125901470e-01
9.930102998125901470e-01
9.928092305598817946e-01
6.180477363037574223e-01
1.447336825732508936e-01
6.421041300452946521e-01
9.990240054716057472e-01
9.930102998125901470e-01
3.177449658872581045e-02
9.929493969561276057e-01
5.411673825802199023e-01
9.930102998125901470e-01
8.681249548200648328e-03
9.993726348143538996e-01
9.864999386255197678e-01
9.990833072306485318e-01
9.990324910333197028e-01
9.903365869794571452e-01
9.930102998125901470e-01
7.621029671518971156e-03
9.980104794873525531e-01
7.351573567557852414e-03
9.848641270903881750e-01
9.991165847816341206e-01
9.928878719467212344e-01
6.906470713340501222e-01
9.929493969561276057e-01
9.990240054716057472e-01
1.617137464568816491e-02
8.116618854087816887e-03
9.990324910333197028e-01
5.733925432515918352e-01
3.523962715190584113e-03
3.307575251878466793e-01
6.960993289128648565e-01
7.173166531054057105e-01
9.930102998125901470e-01
9.930102998125901470e-01
9.930102998125901470e-01
9.930102998125901470e-01
9.990324910333197028e-01
9.900996208648724650e-01
9.929493969561276057e-01
9.990324910333197028e-01
9.933653833573914405e-01
1.053281939006894818e-02
6.851374805211610797e-01
9.930102998125901470e-01
7.131428549945720459e-03
9.990240054716057472e-01
1.329620117145313141e-01
9.928257231695883922e-01
9.855346179168716914e-01
7.400082463740471628e-01
9.990324910333197028e-01
9.928878719467212344e-01
1.537709473577066575e-02
7.920547313165021697e-01
6.739506044835165133e-01
9.930102998125901470e-01
9.990324910333197028e-01
9.990324910333197028e-01
9.990240054716057472e-01
5.278577406251897530e-01
7.094730244229772165e-01
1.602720132764247352e-02
9.991277661996920134e-01
9.930102998125901470e-01
7.325863413813687997e-01
1.097918376096061396e-02
9.990154210791151179e-01
1.002340811844802497e-02
5.916546105792647170e-03
9.980740285840897785e-01
9.990324910333197028e-01
9.930102998125901470e-01
9.930102998125901470e-01
9.795000946455023616e-01
9.688467419244399803e-01
9.998625899508730708e-01
9.930102998125901470e-01
9.990324910333197028e-01
7.814774692185550986e-01
9.222373544170009430e-02
9.990154210791151179e-01
9.930102998125901470e-01
3.600865928760764445e-02
9.930102998125901470e-01
9.990240054716057472e-01
6.596644819306701768e-01
6.960993289128648565e-01
4.273075218480733815e-03
9.930102998125901470e-01
5.428849956349268355e-03
6.057735752288198050e-01
1.617137464568816491e-02
1.675159699901572485e-02
9.930102998125901470e-01
7.199005659652658595e-01
5.995812013735740686e-01
8.594243873506443587e-02
9.222373544170009430e-02
1.673731513379593874e-02
3.061159669861820976e-02
9.953935019007963403e-01
7.529173539811763981e-03
9.990324910333197028e-01
7.041681303032177874e-01
9.929493969561276057e-01
9.982141962194621687e-01
9.990324910333197028e-01
9.745558121784777539e-01
9.839602617315469368e-01
1.828376868003070976e-01
9.990324910333197028e-01
1.658766404548522866e-02
9.930102998125901470e-01
9.222373544170009430e-02
7.727201846089211124e-01
9.990324910333197028e-01
6.773644739323265995e-02
9.928878719467212344e-01
7.520571271523510681e-01
9.990324910333197028e-01
9.930102998125901470e-01
9.993212804147155737e-01
1.602720132764247352e-02
3.007980112096342654e-02
9.930102998125901470e-01
9.930102998125901470e-01
9.992860863391517245e-01
9.987349864492977014e-01
9.990324910333197028e-01
9.930102998125901470e-01
9.843894051983526072e-01
7.659798235064425587e-01
6.795716381839380649e-01
9.222373544170009430e-02
9.990324910333197028e-01
1.354991277260792285e-02
9.990324910333197028e-01
9.990324910333197028e-01
5.829148332704769259e-03
1.010775058229048361e-02
9.990324910333197028e-01
7.811417052037890676e-03
9.990240054716057472e-01
8.755008677406531103e-02
9.469236545543126965e-03
7.643173181990786658e-01
4.912173999797131083e-03
9.930102998125901470e-01
1.617137464568816491e-02
8.964435916798662030e-01
9.990067379901111932e-01
9.929493969561276057e-01
9.993428233598478094e-01
9.997712186317850858e-01
9.990324910333197028e-01
9.992288985078927599e-01
9.929493969561276057e-01
8.729621216752993240e-02
9.280907589690313986e-02
1.160025214635500637e-02
8.524941143081576911e-01
9.990324910333197028e-01
5.402945801309826379e-01
7.306364228409845812e-03
1.255885389742522618e-02
1.618431642970760698e-02
9.929493969561276057e-01
8.260024426795131713e-03
9.990324910333197028e-01
1.262958311534031694e-02
1.285889169877344786e-02
8.275543285762618217e-03
9.930102998125901470e-01
9.908989541389326972e-01
6.878993762558469616e-01
1.048552133187930224e-01
1.348800415201113941e-02
9.990324910333197028e-01
9.990324910333197028e-01
9.990240054716057472e-01
4.021620636410860872e-01
9.990324910333197028e-01
1.673731513379593874e-02
1.911384873640052107e-01
7.188615484552507255e-03
9.930102998125901470e-01
9.929493969561276057e-01
6.505221326014586358e-01
9.930102998125901470e-01
9.986693206207108986e-01
2.822696846666902792e-01
9.990324910333197028e-01
9.069325193912585251e-03
1.602720132764247352e-02
9.978350210422649580e-01
9.929493969561276057e-01
9.930102998125901470e-01
9.086426827888930899e-03
9.912264776479224881e-01
2.991574876582138443e-02
9.992474814868935740e-01
9.836149789314552194e-01
3.306799674181011839e-01
5.118397115563922961e-01
1.658766404548522866e-02
9.903671551617651003e-01
9.992126885240598666e-01
9.992106761336827514e-01
9.990154210791151179e-01
1.658766404548522866e-02
9.991886856107884407e-01
9.889661087578474064e-01
7.385461329329919521e-03
2.921702904254500077e-01
9.930102998125901470e-01
9.930102998125901470e-01
9.990324910333197028e-01
1.025530321290075639e-02
4.901162339439499652e-03
9.990324910333197028e-01
9.990240054716057472e-01
2.426628748200413549e-02
9.990240054716057472e-01
9.864956926410047844e-01
9.990324910333197028e-01
9.930102998125901470e-01
9.930102998125901470e-01
9.930102998125901470e-01
9.745864483688739810e-01
9.364874365177836349e-03
9.740507878968454047e-01
1.123796655478164624e-02
9.930102998125901470e-01
9.990324910333197028e-01
9.930102998125901470e-01
9.864383854767097004e-01
9.990324910333197028e-01
2.603912920758939473e-02
1.490416217098466077e-02
2.984196393475346126e-02
7.375502079942388711e-01
6.026818017778231562e-01
9.930102998125901470e-01
9.930102998125901470e-01
9.990067379901111932e-01
6.942649361418176159e-03
9.930102998125901470e-01
9.930102998125901470e-01
9.990324910333197028e-01
1.617137464568816491e-02
9.930102998125901470e-01
9.929493969561276057e-01
9.920471410042169813e-01
1.166715316428594204e-02
9.998618398888609038e-01
9.930102998125901470e-01
9.930102998125901470e-01
1.423138947904678195e-02
9.930102998125901470e-01
6.301624496434138356e-01
8.784223938012822655e-03
9.994282251524346794e-01
9.989663242784226904e-01
9.990240054716057472e-01
9.929493969561276057e-01
9.928878719467212344e-01
9.930102998125901470e-01
1.255839504760357384e-02
1.618431642970760698e-02
9.251476403668815185e-02
9.990833072306485318e-01
9.990833072306485318e-01
6.958394017302741395e-03
9.930102998125901470e-01
9.930102998125901470e-01
7.544183480751613935e-01
9.930102998125901470e-01
9.930102998125901470e-01
1.688905956718182028e-02
9.990324910333197028e-01
6.391356382089754540e-01
6.180477363037574223e-01
9.982794216574096824e-01
1.487077536323256829e-02
9.990833072306485318e-01
9.930102998125901470e-01
9.990240054716057472e-01
9.930102998125901470e-01
1.092209081884128602e-01
9.990324910333197028e-01
5.077835240673074513e-02
9.930102998125901470e-01
9.990324910333197028e-01
9.990324910333197028e-01
9.990509429924046003e-01
9.929493969561276057e-01
9.990324910333197028e-01
6.452653545042696774e-03
1.495524360624533172e-02
9.930102998125901470e-01
4.975094929523644072e-01
9.929493969561276057e-01
