1.000000000000000000e+00
1.000000000000000000e+00
9.999999985460590324e-01
1.000000000000000000e+00
1.000000000000000000e+00
9.999999907414007794e-01
8.323062679641045584e-38
1.000000000000000000e+00
1.000000000000000000e+00
1.000000000000000000e+00
9.999960812473931426e-01
4.477727599861388208e-35
1.000000000000000000e+00
1.226983058346166668e-223
1.000000000000000000e+00
1.000000000000000000e+00
2.108699675129134680e-160
1.000000000000000000e+00
1.000000000000000000e+00
1.000000000000000000e+00
1.000000000000000000e+00
1.000000000000000000e+00
1.000000000000000000e+00
1.154237777485538476e-37
1.000000000000000000e+00
9.960234811622036553e-07
1.000000000000000000e+00
1.000000000000000000e+00
1.000000000000000000e+00
1.000000000000000000e+00
1.000000000000000000e+00
9.999999854679800793e-01
1.000000000000000000e+00
1.000000000000000000e+00
1.000000000000000000e+00
2.636098253810218731e-230
8.200672654599148611e-230
1.000000000000000000e+00
1.000000000000000000e+00
9.999999454330478210e-01
9.999998040468845995e-01
1.000000000000000000e+00
1.071635962012655257e-226
1.000000000000000000e+00
9.999993275777669943e-01
1.000000000000000000e+00
9.999999999999715783e-01
1.000000000000000000e+00
4.090621606570009616e-01
3.806564071363576566e-120
1.000000000000000000e+00
1.000000000000000000e+00
1.000000000000000000e+00
1.000000000000000000e+00
9.999987757178236958e-01
1.000000000000000000e+00
1.000000000000000000e+00
1.000000000000000000e+00
3.253136802626437811e-164
6.114939790500471818e-146
5.310996294407498828e-207
1.000000000000000000e+00
9.999987757178236958e-01
9.999999992878656485e-01
1.000000000000000000e+00
1.147766483721167671e-143
1.000000000000000000e+00
1.154237777485538476e-37
1.000000000000000000e+00
1.000000000000000000e+00
1.000000000000000000e+00
9.997024008155214192e-01
1.181251419565344185e-14
1.000000000000000000e+00
4.014123988029079810e-229
1.000000000000000000e+00
1.000000000000000000e+00
1.000000000000000000e+00
1.000000000000000000e+00
9.999999454330478210e-01
1.000000000000000000e+00
9.999999995600887814e-01
1.000000000000000000e+00
7.131850460788416363e-09
1.000000000000000000e+00
1.003340915811482836e-06
1.000000000000000000e+00
1.000000000000000000e+00
6.736976759646945330e-09
1.000000000000000000e+00
9.998659823353596154e-01
1.000000000000000000e+00
4.528684672529875314e-230
1.000000000000000000e+00
9.761469735869457094e-187
1.000000000000000000e+00
2.367499341443569114e-07
1.000000000000000000e+00
1.000000000000000000e+00
1.000000000000000000e+00
1.000000000000000000e+00
7.755857401420304736e-36
1.000000000000000000e+00
1.000000000000000000e+00
1.000000000000000000e+00
1.570206162394541712e-149
1.000000000000000000e+00
1.000000000000000000e+00
1.000000000000000000e+00
1.000000000000000000e+00
1.000000000000000000e+00
1.000000000000000000e+00
1.000000000000000000e+00
1.000000000000000000e+00
1.000000000000000000e+00
1.179093909665266842e-09
9.999999926232021608e-01
1.000000000000000000e+00
1.000000000000000000e+00
1.000000000000000000e+00
1.830846457291613966e-229
1.000000000000000000e+00
1.000000000000000000e+00
1.005743372547402408e-06
1.000000000000000000e+00
1.000000000000000000e+00
8.239284611295602277e-15
1.692157426945144928e-225
1.122665981646383879e-165
1.000000000000000000e+00
4.504470843657715326e-117
1.000000000000000000e+00
1.290358136985621359e-09
1.000000000000000000e+00
1.000000000000000000e+00
1.090296934075517344e-37
1.000000000000000000e+00
1.000000000000000000e+00
1.000000000000000000e+00
1.000000000000000000e+00
1.000000000000000000e+00
1.000000000000000000e+00
0.000000000000000000e+00
1.000000000000000000e+00
1.000000000000000000e+00
1.000000000000000000e+00
1.000000000000000000e+00
1.000000000000000000e+00
1.000000000000000000e+00
6.736976759646945330e-09
1.000000000000000000e+00
2.380649865594371343e-07
1.000000000000000000e+00
1.000000000000000000e+00
1.000000000000000000e+00
6.736976759646945330e-09
1.000000000000000000e+00
1.000000000000000000e+00
1.000000000000000000e+00
2.370901399702089967e-07
4.319261048841913356e-197
5.263741247585320020e-38
6.883749372468616955e-09
1.000000000000000000e+00
1.000000000000000000e+00
1.000000000000000000e+00
1.000000000000000000e+00
1.000000000000000000e+00
1.000000000000000000e+00
1.000000000000000000e+00
1.052479839834831906e-37
1.000000000000000000e+00
2.519901256226084077e-230
1.000000000000000000e+00
1.312375279807834811e-111
1.000000000000000000e+00
9.999999985460590324e-01
1.000000000000000000e+00
1.000000000000000000e+00
1.000000000000000000e+00
7.537471133490953630e-25
6.736976759646945330e-09
1.000000000000000000e+00
4.830802121532514057e-230
1.000000000000000000e+00
8.096437964029858103e-02
1.000000000000000000e+00
1.000000000000000000e+00
1.000000000000000000e+00
1.000000000000000000e+00
1.000000000000000000e+00
9.999999560963611644e-01
1.000000000000000000e+00
1.000000000000000000e+00
9.999942849787143428e-01
9.999999953340079628e-01
1.000000000000000000e+00
1.000000000000000000e+00
1.000000000000000000e+00
1.000000000000000000e+00
1.000000000000000000e+00
8.606338335638092982e-227
9.999999953340079628e-01
1.000000000000000000e+00
1.000000000000000000e+00
1.000000000000000000e+00
1.000000000000000000e+00
9.999754854694177242e-01
1.000000000000000000e+00
1.000000000000000000e+00
9.999999988525587469e-01
2.381364860603674278e-07
1.000000000000000000e+00
1.000000000000000000e+00
1.000000000000000000e+00
2.282106933823801710e-170
3.256838436224605608e-215
1.000000000000000000e+00
0.000000000000000000e+00
1.000000000000000000e+00
3.694762202967247729e-145
1.000000000000000000e+00
1.000000000000000000e+00
1.000000000000000000e+00
1.000000000000000000e+00
9.999999998344151209e-01
1.429084631019314071e-193
1.000000000000000000e+00
9.739745231071864580e-230
1.000000000000000000e+00
3.827810433326110544e-230
1.000000000000000000e+00
7.131850460788416363e-09
1.000000000000000000e+00
1.000000000000000000e+00
1.000000000000000000e+00
9.999960812473931426e-01
1.000000000000000000e+00
1.000000000000000000e+00
1.000000000000000000e+00
1.000000000000000000e+00
1.000000000000000000e+00
1.000000000000000000e+00
1.000000000000000000e+00
1.000000000000000000e+00
9.999996349229247627e-01
3.667687984102143112e-145
1.000000000000000000e+00
2.568020600709033584e-230
1.000000000000000000e+00
1.000000000000000000e+00
1.000000000000000000e+00
1.000000000000000000e+00
1.000000000000000000e+00
1.000000000000000000e+00
1.000000000000000000e+00
1.000000000000000000e+00
1.000000000000000000e+00
1.000000000000000000e+00
1.000000000000000000e+00
0.000000000000000000e+00
1.000000000000000000e+00
1.670222972982918401e-145
1.000000000000000000e+00
1.000000000000000000e+00
1.000000000000000000e+00
1.000000000000000000e+00
1.000000000000000000e+00
1.000000000000000000e+00
1.000000000000000000e+00
1.000000000000000000e+00
1.000000000000000000e+00
3.110309351659688343e-224
9.999707681989430386e-01
1.000000000000000000e+00
1.000000000000000000e+00
9.999999962957986099e-01
1.000000000000000000e+00
2.974341465548043489e-230
1.090296934075517344e-37
1.000000000000000000e+00
5.895742924560459605e-230
1.869715951641215118e-227
1.000000000000000000e+00
1.000000000000000000e+00
2.471827500012148361e-223
1.000000000000000000e+00
1.000000000000000000e+00
9.999973270254171043e-01
1.000000000000000000e+00
1.000000000000000000e+00
8.933336641506841309e-227
1.000000000000000000e+00
7.956763437899811332e-09
1.000000000000000000e+00
1.002302667790743328e-06
1.000000000000000000e+00
1.000000000000000000e+00
9.167377662544933340e-201
7.077165229158996738e-213
2.048799132086848369e-138
9.495282521619748610e-74
2.378085673896179237e-07
1.000000000000000000e+00
9.999999976737399265e-01
1.000000000000000000e+00
1.179093909665266842e-09
1.000000000000000000e+00
1.000000000000000000e+00
1.000000000000000000e+00
9.999999999713509169e-01
1.000000000000000000e+00
1.000000000000000000e+00
1.002302667790743328e-06
1.000000000000000000e+00
1.000000000000000000e+00
1.000000000000000000e+00
9.742783454175168665e-38
1.039006845284167981e-228
1.000000000000000000e+00
1.000000000000000000e+00
1.000000000000000000e+00
9.999998040468845995e-01
1.000000000000000000e+00
2.936084597723641794e-190
9.742783454175168665e-38
4.800931418324670488e-170
1.000000000000000000e+00
1.000000000000000000e+00
9.999960812473931426e-01
1.000000000000000000e+00
1.000000000000000000e+00
1.000000000000000000e+00
1.000000000000000000e+00
1.000000000000000000e+00
6.751109009625599709e-97
1.955110377528493752e-208
1.000000000000000000e+00
9.388826636373205667e-98
8.323062679641045584e-38
1.000000000000000000e+00
6.511840180967509052e-227
1.000000000000000000e+00
1.000000000000000000e+00
5.831746245676484755e-150
1.000000000000000000e+00
6.355425542973834978e-230
1.000000000000000000e+00
1.147766483721167671e-143
1.000000000000000000e+00
1.000000000000000000e+00
1.000000000000000000e+00
1.000000000000000000e+00
1.000000000000000000e+00
9.999987757178236958e-01
1.000000000000000000e+00
1.000000000000000000e+00
1.000000000000000000e+00
1.000000000000000000e+00
1.000000000000000000e+00
1.090296934075517344e-37
1.000000000000000000e+00
1.000000000000000000e+00
9.999994507407822253e-01
1.000000000000000000e+00
1.000000000000000000e+00
1.000000000000000000e+00
1.000000000000000000e+00
3.819260964661352628e-189
3.623256398395694867e-206
1.000000000000000000e+00
5.982780589784131175e-146
1.332021217358825337e-161
1.000000000000000000e+00
1.000000000000000000e+00
9.999999454330478210e-01
1.000000000000000000e+00
4.798608309953076502e-184
1.000000000000000000e+00
2.378263743620623622e-07
1.000000000000000000e+00
1.000000000000000000e+00
1.000000000000000000e+00
1.000000000000000000e+00
1.000000000000000000e+00
1.000000000000000000e+00
1.000000000000000000e+00
9.999997029310506713e-01
1.000000000000000000e+00
1.000000000000000000e+00
1.185068242411672725e-09
1.000000000000000000e+00
1.000000000000000000e+00
9.999999999213855517e-01
1.000000000000000000e+00
1.000000000000000000e+00
9.999999976737399265e-01
1.000000000000000000e+00
9.742783454175168665e-38
1.154237777485538476e-37
1.204610062665034587e-09
1.000000000000000000e+00
9.999999953340079628e-01
1.070079964325905471e-228
1.000000000000000000e+00
1.000000000000000000e+00
1.000000000000000000e+00
6.736976759646945330e-09
9.994442592816560829e-07
0.000000000000000000e+00
1.000000000000000000e+00
1.546736830072153949e-221
9.742783454175168665e-38
1.000000000000000000e+00
1.000000000000000000e+00
6.018251419557923344e-07
1.000000000000000000e+00
9.999999999866986400e-01
9.742783454175168665e-38
1.000000000000000000e+00
1.177644557435896211e-37
1.000000000000000000e+00
1.177644557435896211e-37
9.999999988525587469e-01
1.000000000000000000e+00
1.000000000000000000e+00
1.000000000000000000e+00
1.111800581188825186e-161
1.000000000000000000e+00
1.000000000000000000e+00
1.000000000000000000e+00
5.263741247585320020e-38
1.000000000000000000e+00
1.000000000000000000e+00
6.987644694221133833e-230
9.999707681989430386e-01
1.000000000000000000e+00
1.744201047480196164e-225
5.163990587351073044e-230
1.000000000000000000e+00
1.000000000000000000e+00
7.131850460788416363e-09
1.000000000000000000e+00
1.000000000000000000e+00
1.000000000000000000e+00
5.488208334140829062e-199
1.000000000000000000e+00
1.000000000000000000e+00
9.999999160201049619e-01
1.000000000000000000e+00
1.000000000000000000e+00
1.000000000000000000e+00
1.000000000000000000e+00
1.000000000000000000e+00
1.000000000000000000e+00
1.000000000000000000e+00
1.000000000000000000e+00
1.000000000000000000e+00
1.000000000000000000e+00
9.999999647196780028e-01
9.529673621248192621e-10
1.000000000000000000e+00
8.162812199655674337e-229
1.000000000000000000e+00
1.000000000000000000e+00
1.000000000000000000e+00
2.066487357178401188e-140
1.000000000000000000e+00
3.915351645944831455e-229
1.000000000000000000e+00
1.000000000000000000e+00
0.000000000000000000e+00
1.000000000000000000e+00
1.000000000000000000e+00
1.000000000000000000e+00
9.999999981598080012e-01
1.000000000000000000e+00
1.000000000000000000e+00
8.920162373662294588e-228
1.000000000000000000e+00
6.736976759646945330e-09
1.000000000000000000e+00
1.000000000000000000e+00
1.000000000000000000e+00
1.000000000000000000e+00
1.000000000000000000e+00
1.000000000000000000e+00
1.000000000000000000e+00
9.999952644589743533e-01
1.000000000000000000e+00
2.187988649170723250e-126
1.000000000000000000e+00
1.000000000000000000e+00
1.000000000000000000e+00
1.000000000000000000e+00
1.000000000000000000e+00
1.000000000000000000e+00
1.000000000000000000e+00
4.704829661647690897e-222
1.000000000000000000e+00
9.999967614102875935e-01
1.455347334352623181e-04
9.960234811622036553e-07
1.000000000000000000e+00
4.690466786793225098e-223
1.000000000000000000e+00
2.486827328422985933e-230
1.000000000000000000e+00
1.000000000000000000e+00
1.710194552602636652e-10
9.970552252407573088e-07
6.643850876487249479e-01
1.000000000000000000e+00
2.505561967013320648e-230
9.997828026522505018e-01
1.090296934075517344e-37
1.000000000000000000e+00
1.000000000000000000e+00
1.000000000000000000e+00
1.000000000000000000e+00
1.000000000000000000e+00
1.000000000000000000e+00
1.000000000000000000e+00
1.000000000000000000e+00
1.000000000000000000e+00
1.897511118780639457e-183
1.000000000000000000e+00
1.000000000000000000e+00
8.479512543710858110e-230
1.000000000000000000e+00
1.000000000000000000e+00
9.999999716841334596e-01
1.000000000000000000e+00
5.263741247585320020e-38
1.000000000000000000e+00
5.389459917197812384e-149
4.184437011083265655e-221
1.000000000000000000e+00
9.999998960113939406e-01
9.999999322636791144e-01
1.000000000000000000e+00
1.000000000000000000e+00
9.999985088981905301e-01
1.000000000000000000e+00
6.883749372468616955e-09
0.000000000000000000e+00
1.000000000000000000e+00
1.000000000000000000e+00
1.234748473177822123e-229
1.000000000000000000e+00
1.000000000000000000e+00
1.000000000000000000e+00
1.154237777485538476e-37
1.154237777485538476e-37
1.000000000000000000e+00
8.432738111923989473e-223
1.000000000000000000e+00
1.000000000000000000e+00
4.151944977731077524e-214
1.326051502696778278e-206
5.263741247585320020e-38
9.999999985460590324e-01
1.000000000000000000e+00
1.000000000000000000e+00
1.000000000000000000e+00
1.000000000000000000e+00
2.210099623561430830e-229
1.000000000000000000e+00
1.000000000000000000e+00
1.902518273754572310e-219
1.000000000000000000e+00
1.000000000000000000e+00
1.000000000000000000e+00
9.999999962957986099e-01
1.000000000000000000e+00
1.000000000000000000e+00
1.000000000000000000e+00
1.000000000000000000e+00
1.000000000000000000e+00
1.000000000000000000e+00
1.000000000000000000e+00
1.000000000000000000e+00
1.613814872859017019e-226
1.000000000000000000e+00
9.999998040468845995e-01
1.000000000000000000e+00
9.999996349229247627e-01
1.000000000000000000e+00
9.999856575977568163e-01
1.000000000000000000e+00
1.000000000000000000e+00
9.999985088981905301e-01
1.090296934075517344e-37
1.000000000000000000e+00
9.999999941296664474e-01
9.999999941296664474e-01
6.768010765632570122e-143
1.000000000000000000e+00
1.000000000000000000e+00
1.000000000000000000e+00
1.000000000000000000e+00
1.112407464159346298e-37
7.430108273900822465e-38
1.000000000000000000e+00
9.999995519171287484e-01
1.000000000000000000e+00
1.000000000000000000e+00
1.000000000000000000e+00
1.000000000000000000e+00
9.999999994399217940e-01
2.185885754125512367e-166
1.262982673960482476e-09
1.000000000000000000e+00
1.000000000000000000e+00
9.999999990955075191e-01
6.979951002474314299e-25
1.000000000000000000e+00
1.000000000000000000e+00
1.000000000000000000e+00
9.999998411540913512e-01
1.000000000000000000e+00
1.000000000000000000e+00
1.000000000000000000e+00
9.119348738534173292e-224
4.045492736519606298e-223
1.000000000000000000e+00
1.000000000000000000e+00
1.000000000000000000e+00
1.147766483721167671e-143
7.702257128914873525e-09
1.000000000000000000e+00
1.123272596215948128e-09
9.999999981598080012e-01
9.999987757178236958e-01
1.000000000000000000e+00
1.150088231741465489e-111
1.000000000000000000e+00
9.999508387232008966e-01
1.000000000000000000e+00
7.131850460788416363e-09
1.791394498715676158e-229
9.999999716841334596e-01
1.000000000000000000e+00
1.000000000000000000e+00
1.000000000000000000e+00
1.000000000000000000e+00
1.000000000000000000e+00
9.999931120282397057e-01
8.198372342910560003e-214
1.000000000000000000e+00
1.000000000000000000e+00
9.999999985460590324e-01
1.008133011574783132e-228
1.000000000000000000e+00
2.492970401210527572e-45
1.000000000000000000e+00
1.000000000000000000e+00
9.999999997294821696e-01
1.000000000000000000e+00
1.000000000000000000e+00
4.972407462300778102e-38
1.000000000000000000e+00
1.000000000000000000e+00
1.000000000000000000e+00
1.000000000000000000e+00
1.000000000000000000e+00
8.572938346300584263e-217
1.000000000000000000e+00
1.000000000000000000e+00
1.000000000000000000e+00
1.000000000000000000e+00
1.000000000000000000e+00
1.000000000000000000e+00
9.955198229884599663e-152
1.339733376754532720e-09
7.685382427896491848e-194
1.000000000000000000e+00
1.000000000000000000e+00
9.999900341561906991e-01
1.000000000000000000e+00
9.999993275777669943e-01
4.133220367064686064e-218
9.999999560963611644e-01
3.272020362224094727e-173
7.406417857073823699e-217
1.028534637898863726e-223
6.305014376046732538e-01
1.000000000000000000e+00
1.000000000000000000e+00
5.271118305310537543e-230
1.000000000000000000e+00
4.153460124325404187e-230
1.000000000000000000e+00
1.000000000000000000e+00
9.742783454175168665e-38
3.924198028962407979e-224
1.187412748703593155e-229
3.120477536984458061e-37
4.972407462300778102e-38
9.999991778554400135e-01
1.921481770910155527e-217
9.999999926232021608e-01
1.000000000000000000e+00
1.000000000000000000e+00
1.276056186652613907e-228
2.589010456814323470e-230
9.999900341561906991e-01
9.999999322636791144e-01
9.960234811622036553e-07
1.000000000000000000e+00
1.000000000000000000e+00
1.000000000000000000e+00
1.000000000000000000e+00
7.128708816900152653e-25
6.437505256908065143e-307
5.497750517339610932e-147
9.999508387232008966e-01
1.000000000000000000e+00
1.000000000000000000e+00
1.000000000000000000e+00
1.000000000000000000e+00
9.999999992878656485e-01
2.393996414971207448e-158
1.000000000000000000e+00
1.000000000000000000e+00
2.382009071867571694e-07
9.999994507407822253e-01
1.000000000000000000e+00
1.000000000000000000e+00
1.000000000000000000e+00
9.999999999952819962e-01
1.000000000000000000e+00
6.660951347098764248e-210
9.999999818271022578e-01
1.000000000000000000e+00
1.000000000000000000e+00
1.000000000000000000e+00
1.000000000000000000e+00
1.000000000000000000e+00
9.999996349229247627e-01
2.109489525026447423e-120
6.883749372468616955e-09
4.184437403931971777e-02
1.000000000000000000e+00
1.005743372547402408e-06
1.000000000000000000e+00
1.000000000000000000e+00
9.999981862884473882e-01
1.000000000000000000e+00
1.000000000000000000e+00
1.000000000000000000e+00
1.000000000000000000e+00
1.000000000000000000e+00
1.000000000000000000e+00
1.030407512993133691e-06
9.358377388077369658e-07
1.000000000000000000e+00
1.031607757789580740e-09
1.000000000000000000e+00
1.000000000000000000e+00
9.999999907414007794e-01
2.721294250681344098e-230
9.742783454175168665e-38
1.000000000000000000e+00
1.000000000000000000e+00
1.000000000000000000e+00
1.000000000000000000e+00
1.000000000000000000e+00
1.000000000000000000e+00
9.999651902797733749e-01
1.000000000000000000e+00
1.000000000000000000e+00
1.000000000000000000e+00
1.000000000000000000e+00
1.000000000000000000e+00
6.156436141007906313e-194
1.000000000000000000e+00
1.000000000000000000e+00
1.000000000000000000e+00
9.999416959376663527e-01
1.574616653047491099e-227
1.000000000000000000e+00
9.999999818271022578e-01
1.000000000000000000e+00
6.763029437917728649e-143
1.000000000000000000e+00
1.000000000000000000e+00
1.000000000000000000e+00
1.000000000000000000e+00
1.000000000000000000e+00
1.002302667790743328e-06
1.000000000000000000e+00
1.000000000000000000e+00
1.000000000000000000e+00
9.999998411540913512e-01
1.000000000000000000e+00
9.999997029310506713e-01
1.000000000000000000e+00
1.000000000000000000e+00
2.537559390051763466e-229
1.000000000000000000e+00
1.000000000000000000e+00
1.000000000000000000e+00
1.000000000000000000e+00
1.000000000000000000e+00
1.000000000000000000e+00
1.000000000000000000e+00
1.000000000000000000e+00
1.112407464159346298e-37
1.000000000000000000e+00
1.000000000000000000e+00
1.000000000000000000e+00
4.569810765531460135e-209
1.000000000000000000e+00
1.000000000000000000e+00
9.999999998706812221e-01
1.000000000000000000e+00
9.999985088981905301e-01
3.892692285415095289e-316
4.036575477148871472e-227
1.000000000000000000e+00
1.000000000000000000e+00
1.000000000000000000e+00
9.999707681989430386e-01
3.344057025378985049e-180
1.000000000000000000e+00
1.000000000000000000e+00
1.000000000000000000e+00
9.999999981598080012e-01
8.275649121898976407e-116
4.972407462300778102e-38
1.000000000000000000e+00
9.999999962957986099e-01
1.005743372547402408e-06
1.000000000000000000e+00
2.126384997241807598e-206
9.999416959376663527e-01
1.000000000000000000e+00
9.999942849787143428e-01
9.999999560963611644e-01
1.000000000000000000e+00
1.000000000000000000e+00
9.999999883935403178e-01
1.000000000000000000e+00
1.000000000000000000e+00
1.000000000000000000e+00
1.000000000000000000e+00
2.025976198869108861e-146
4.972407462300778102e-38
1.000000000000000000e+00
9.999999854679800793e-01
1.000000000000000000e+00
1.000000000000000000e+00
1.000000000000000000e+00
1.000000000000000000e+00
1.000000000000000000e+00
1.000000000000000000e+00
1.000000000000000000e+00
1.000000000000000000e+00
6.736976759646945330e-09
9.999995519171287484e-01
1.000000000000000000e+00
3.120477536984458061e-37
1.000000000000000000e+00
1.000000000000000000e+00
0.000000000000000000e+00
1.000000000000000000e+00
1.000000000000000000e+00
1.000000000000000000e+00
1.000000000000000000e+00
1.000000000000000000e+00
1.000000000000000000e+00
1.000000000000000000e+00
6.566068105969827973e-229
1.737408316643076478e-229
1.341451013947179121e-148
1.000000000000000000e+00
9.999999992878656485e-01
1.000000000000000000e+00
1.000000000000000000e+00
9.999989960868939098e-01
1.000000000000000000e+00
1.000000000000000000e+00
5.370389082913404843e-38
1.000000000000000000e+00
9.699838547717349656e-207
1.000000000000000000e+00
1.000000000000000000e+00
1.000000000000000000e+00
1.000000000000000000e+00
1.000000000000000000e+00
1.000000000000000000e+00
1.000000000000000000e+00
1.000000000000000000e+00
2.972396672915760377e-144
1.000000000000000000e+00
9.999416959376663527e-01
1.000000000000000000e+00
1.000000000000000000e+00
1.000000000000000000e+00
2.300866411642540173e-13
1.000000000000000000e+00
1.000000000000000000e+00
1.000000000000000000e+00
6.079939991315893243e-225
9.548096595105418350e-09
0.000000000000000000e+00
1.000000000000000000e+00
1.000000000000000000e+00
1.000000000000000000e+00
1.000000000000000000e+00
1.000000000000000000e+00
1.000000000000000000e+00
1.000000000000000000e+00
1.000000000000000000e+00
4.844093898075661390e-230
3.155443343121215321e-230
1.000000000000000000e+00
2.421321309671305135e-230
3.868608371241910380e-229
4.097318341194419856e-34
5.809090600065273533e-230
4.001416704428422322e-38
1.000000000000000000e+00
1.000000000000000000e+00
1.000000000000000000e+00
9.999900341561906991e-01
1.112407464159346298e-37
1.000000000000000000e+00
1.000000000000000000e+00
4.433224276075525605e-38
1.000000000000000000e+00
1.000000000000000000e+00
1.000000000000000000e+00
9.742783454175168665e-38
1.000000000000000000e+00
1.000000000000000000e+00
1.000000000000000000e+00
1.024181121750447145e-224
9.999999941296664474e-01
9.999999854679800793e-01
1.000000000000000000e+00
2.213895590159398928e-154
1.545404215791412549e-182
9.999981862884473882e-01
9.999987757178236958e-01
1.000000000000000000e+00
9.999999322636791144e-01
1.000000000000000000e+00
1.000000000000000000e+00
1.000000000000000000e+00
9.999993275777669943e-01
3.222891749856255858e-119
1.480098641485882478e-189
1.000000000000000000e+00
1.000000000000000000e+00
1.000000000000000000e+00
1.000000000000000000e+00
9.940668072447705441e-38
1.000000000000000000e+00
1.000000000000000000e+00
1.000000000000000000e+00
1.000000000000000000e+00
1.000000000000000000e+00
1.000000000000000000e+00
3.119547719375513271e-137
1.000000000000000000e+00
1.000000000000000000e+00
1.000000000000000000e+00
1.000000000000000000e+00
9.999994507407822253e-01
9.999999953340079628e-01
1.000000000000000000e+00
1.000000000000000000e+00
0.000000000000000000e+00
1.000000000000000000e+00
1.000000000000000000e+00
9.999991778554400135e-01
1.000000000000000000e+00
1.000000000000000000e+00
1.098659265631094907e-09
1.000000000000000000e+00
6.736976759646945330e-09
1.666300630602653331e-226
1.000000000000000000e+00
5.263741247585320020e-38
1.000000000000000000e+00
3.510870035846117646e-221
1.000000000000000000e+00
1.000000000000000000e+00
9.999997029310506713e-01
1.000000000000000000e+00
1.000000000000000000e+00
1.000000000000000000e+00
1.812471071727463646e-41
1.000000000000000000e+00
1.000000000000000000e+00
1.000000000000000000e+00
1.000000000000000000e+00
1.000000000000000000e+00
1.000000000000000000e+00
1.000000000000000000e+00
1.000000000000000000e+00
1.000000000000000000e+00
1.000000000000000000e+00
1.000000000000000000e+00
1.000000000000000000e+00
3.779539802654806449e-133
1.287526816219112405e-229
1.000000000000000000e+00
1.000000000000000000e+00
1.000000000000000000e+00
2.071273298655225574e-229
9.999999647196780028e-01
5.671626206186546728e-215
1.000000000000000000e+00
1.000000000000000000e+00
1.000000000000000000e+00
1.000000000000000000e+00
1.000000000000000000e+00
1.000000000000000000e+00
1.000000000000000000e+00
1.000000000000000000e+00
1.000000000000000000e+00
1.000000000000000000e+00
9.886176108099584510e-10
1.000000000000000000e+00
3.115881440656641604e-227
8.717477538832430418e-14
9.999994507407822253e-01
1.000000000000000000e+00
9.907821102236537718e-10
1.000000000000000000e+00
1.000000000000000000e+00
1.000000000000000000e+00
9.999999854679800793e-01
1.000000000000000000e+00
6.581849094044074910e-223
1.000000000000000000e+00
9.999999907414007794e-01
1.000000000000000000e+00
9.999999995600887814e-01
1.000000000000000000e+00
9.999999995600887814e-01
9.999999988525587469e-01
1.000000000000000000e+00
1.000000000000000000e+00
1.000000000000000000e+00
9.999998960113939406e-01
0.000000000000000000e+00
3.331371179515729634e-229
2.505518177961744829e-11
1.000000000000000000e+00
1.000000000000000000e+00
5.073154474063396533e-38
1.000000000000000000e+00
9.886176108099584510e-10
9.998148347793560653e-01
1.206782442062063092e-217
1.000000000000000000e+00
1.000000000000000000e+00
6.992865944900125860e-22
1.154237777485538476e-37
1.000000000000000000e+00
9.999952644589743533e-01
9.999998040468845995e-01
9.999996349229247627e-01
1.000000000000000000e+00
1.000000000000000000e+00
1.154237777485538476e-37
1.000000000000000000e+00
1.000000000000000000e+00
2.062098527835961164e-168
1.002302667790743328e-06
1.003340915811482836e-06
1.000000000000000000e+00
1.000000000000000000e+00
1.210298094905012514e-09
2.894139468220860724e-196
2.581814937755122783e-230
9.999900341561906991e-01
1.000000000000000000e+00
9.999999160201049619e-01
1.000000000000000000e+00
1.000000000000000000e+00
4.150151425066470971e-322
9.999856575977568163e-01
1.000000000000000000e+00
9.999999322636791144e-01
1.000000000000000000e+00
1.000000000000000000e+00
1.000000000000000000e+00
1.000000000000000000e+00
1.000000000000000000e+00
1.000000000000000000e+00
9.999999997294821696e-01
1.154237777485538476e-37
1.000000000000000000e+00
1.000000000000000000e+00
3.018324525821110170e-226
1.000000000000000000e+00
1.000000000000000000e+00
1.000000000000000000e+00
1.000000000000000000e+00
1.000000000000000000e+00
9.999999988525587469e-01
1.000000000000000000e+00
1.000000000000000000e+00
1.000000000000000000e+00
1.000000000000000000e+00
1.000000000000000000e+00
1.000000000000000000e+00
1.000000000000000000e+00
1.000000000000000000e+00
1.000000000000000000e+00
1.000000000000000000e+00
4.178198657625214544e-202
9.999995519171287484e-01
1.000000000000000000e+00
1.000000000000000000e+00
1.000000000000000000e+00
1.000000000000000000e+00
1.000000000000000000e+00
1.000000000000000000e+00
7.128708816900152653e-25
9.999999854679800793e-01
1.000000000000000000e+00
1.000000000000000000e+00
1.000000000000000000e+00
5.529523200831294840e-201
9.166551199568295480e-15
9.999999953340079628e-01
2.720469798296887850e-31
1.000000000000000000e+00
1.000000000000000000e+00
1.090296934075517344e-37
9.999997585763089614e-01
1.000000000000000000e+00
9.999999907414007794e-01
1.000000000000000000e+00
1.000000000000000000e+00
7.131850460788416363e-09
4.824664129683709925e-230
1.000000000000000000e+00
1.000000000000000000e+00
1.000000000000000000e+00
4.553337633736881175e-228
0.000000000000000000e+00
1.000000000000000000e+00
1.000000000000000000e+00
1.052479839834831906e-37
1.000000000000000000e+00
1.000000000000000000e+00
8.697276957131288949e-153
1.000000000000000000e+00
9.999996349229247627e-01
1.000000000000000000e+00
1.107603116452789213e-245
1.000000000000000000e+00
0.000000000000000000e+00
2.969551006610921842e-169
1.073977222909415245e-144
1.204610062665034587e-09
1.000000000000000000e+00
1.000000000000000000e+00
6.231644613277293506e-181
1.000000000000000000e+00
1.000000000000000000e+00
1.000000000000000000e+00
1.000000000000000000e+00
1.000000000000000000e+00
5.263741247585320020e-38
9.999999854679800793e-01
1.000000000000000000e+00
1.000000000000000000e+00
2.737087092893678707e-230
1.000000000000000000e+00
5.786789086578535944e-195
1.000000000000000000e+00
9.999967614102875935e-01
4.035610887588242273e-48
1.000000000000000000e+00
1.000000000000000000e+00
9.999508387232008966e-01
1.000000000000000000e+00
1.000000000000000000e+00
9.960234811622036553e-07
1.000000000000000000e+00
1.781484323408713658e-130
1.031528952815884092e-37
1.000000000000000000e+00
9.999993275777669943e-01
1.000000000000000000e+00
1.000000000000000000e+00
1.000000000000000000e+00
1.000000000000000000e+00
1.000000000000000000e+00
9.999999988525587469e-01
1.000000000000000000e+00
1.000000000000000000e+00
1.000000000000000000e+00
1.000000000000000000e+00
1.000000000000000000e+00
1.000000000000000000e+00
9.999917093092908216e-01
1.000000000000000000e+00
2.002592325602080521e-115
1.000000000000000000e+00
1.000000000000000000e+00
4.403280209123982673e-229
1.000000000000000000e+00
1.000000000000000000e+00
1.000000000000000000e+00
1.000000000000000000e+00
1.000000000000000000e+00
1.000000000000000000e+00
1.238504286266418483e-37
1.131470824880880245e-229
1.000000000000000000e+00
9.999999981598080012e-01
1.000000000000000000e+00
9.960234811622036553e-07
1.000000000000000000e+00
1.000000000000000000e+00
1.852885996182687856e-242
1.154237777485538476e-37
1.000000000000000000e+00
1.000000000000000000e+00
9.999977967475330853e-01
9.994442592816560829e-07
1.000000000000000000e+00
1.469073490431426536e-223
1.000000000000000000e+00
1.000000000000000000e+00
1.000000000000000000e+00
1.000000000000000000e+00
9.563650529510693501e-211
1.000000000000000000e+00
3.086712554882906957e-221
1.102757552234273942e-227
1.000000000000000000e+00
1.000000000000000000e+00
1.000000000000000000e+00
1.000000000000000000e+00
2.112459196540274056e-227
9.532265440674402290e-01
1.000000000000000000e+00
2.363516233756812510e-216
9.999999907414007794e-01
9.641787379584850770e-01
2.355081023287443419e-228
1.090296934075517344e-37
7.557599610843272479e-25
1.000000000000000000e+00
2.514640560215015854e-230
1.000000000000000000e+00
9.999977967475330853e-01
1.000000000000000000e+00
2.884599313463564378e-230
1.000000000000000000e+00
2.746756925471350125e-143
1.184632906715385051e-228
1.730999149121964124e-242
1.000000000000000000e+00
1.000000000000000000e+00
1.000000000000000000e+00
1.000000000000000000e+00
1.000000000000000000e+00
1.000000000000000000e+00
1.000000000000000000e+00
1.000000000000000000e+00
7.875038919040475968e-226
1.000000000000000000e+00
1.000000000000000000e+00
8.656485795788573796e-153
1.000000000000000000e+00
9.999999999524220584e-01
8.122057750115243106e-230
1.000000000000000000e+00
4.448776693137431120e-72
1.000000000000000000e+00
1.000000000000000000e+00
1.000000000000000000e+00
1.154237777485538476e-37
1.000000000000000000e+00
1.000000000000000000e+00
2.965964764797432502e-42
1.154237777485538476e-37
9.970552252407573088e-07
9.999981862884473882e-01
1.000000000000000000e+00
1.000000000000000000e+00
1.090296934075517344e-37
9.999999818271022578e-01
9.999999992878656485e-01
5.263741247585320020e-38
4.288480094243058805e-139
9.999999854679800793e-01
1.000000000000000000e+00
1.000000000000000000e+00
1.000000000000000000e+00
1.000000000000000000e+00
9.999999996548467607e-01
1.000000000000000000e+00
1.000000000000000000e+00
1.000000000000000000e+00
1.000000000000000000e+00
1.000000000000000000e+00
1.000000000000000000e+00
1.000000000000000000e+00
1.000000000000000000e+00
1.000000000000000000e+00
1.000000000000000000e+00
1.000000000000000000e+00
1.000000000000000000e+00
1.177644557435896211e-37
1.000000000000000000e+00
1.000000000000000000e+00
1.147766483721167671e-143
3.892692285415095289e-316
1.000000000000000000e+00
1.000000000000000000e+00
1.000000000000000000e+00
9.999952644589743533e-01
1.000000000000000000e+00
1.000000000000000000e+00
1.000000000000000000e+00
1.000000000000000000e+00
2.933260990905253047e-232
1.000000000000000000e+00
1.000000000000000000e+00
1.000000000000000000e+00
4.283918572783583312e-228
1.000000000000000000e+00
1.000000000000000000e+00
1.000000000000000000e+00
9.999999999388364813e-01
1.000000000000000000e+00
1.000000000000000000e+00
1.000000000000000000e+00
2.868079282916441207e-230
4.984584470849687149e-216
9.999999953340079628e-01
1.000000000000000000e+00
1.000000000000000000e+00
9.999754854694177242e-01
1.000000000000000000e+00
1.927577037741418456e-12
1.000000000000000000e+00
1.000000000000000000e+00
1.000000000000000000e+00
1.000000000000000000e+00
9.999981862884473882e-01
1.000000000000000000e+00
1.000000000000000000e+00
1.000000000000000000e+00
1.000000000000000000e+00
2.552843203108867157e-219
9.999999995600887814e-01
9.999942849787143428e-01
9.999997585763089614e-01
1.096509152818562446e-228
2.412631845808917090e-205
9.999993275777669943e-01
1.000000000000000000e+00
1.000000000000000000e+00
1.000000000000000000e+00
1.000000000000000000e+00
1.000000000000000000e+00
1.000000000000000000e+00
1.000000000000000000e+00
1.000000000000000000e+00
1.000000000000000000e+00
1.000000000000000000e+00
4.062963766053340198e-02
2.827879776207429375e-228
9.040546487878309160e-182
1.429738336131642265e-37
1.000000000000000000e+00
1.000000000000000000e+00
9.999999976737399265e-01
4.972407462300778102e-38
9.999999560963611644e-01
1.000000000000000000e+00
2.378549765002996401e-07
1.000000000000000000e+00
1.000000000000000000e+00
1.000000000000000000e+00
9.999999773016841065e-01
1.014228546639869492e-229
1.000000000000000000e+00
4.972407462300778102e-38
1.000000000000000000e+00
9.999942849787143428e-01
1.000000000000000000e+00
1.000000000000000000e+00
1.000000000000000000e+00
1.000000000000000000e+00
1.000000000000000000e+00
7.588753025300615609e-219
1.000000000000000000e+00
1.000000000000000000e+00
1.090296934075517344e-37
1.853365654171492185e-216
1.000000000000000000e+00
9.907821102236537718e-10
1.000000000000000000e+00
1.000000000000000000e+00
1.000000000000000000e+00
1.154237777485538476e-37
1.000000000000000000e+00
1.000000000000000000e+00
1.000000000000000000e+00
1.000000000000000000e+00
0.000000000000000000e+00
9.999999995600887814e-01
1.000000000000000000e+00
1.000000000000000000e+00
1.000000000000000000e+00
1.002302667790743328e-06
1.000000000000000000e+00
1.000000000000000000e+00
1.000000000000000000e+00
1.000000000000000000e+00
2.291487316298565936e-215
1.000000000000000000e+00
2.309888849974611740e-196
1.000000000000000000e+00
1.000000000000000000e+00
1.000000000000000000e+00
1.450365737178192681e-152
2.185953265336584716e-180
1.000000000000000000e+00
9.999586042229391403e-01
0.000000000000000000e+00
1.000000000000000000e+00
9.208693852645146296e-219
1.000000000000000000e+00
1.000000000000000000e+00
1.000000000000000000e+00
5.312175523499178164e-142
9.999942849787143428e-01
1.000000000000000000e+00
1.000000000000000000e+00
1.000000000000000000e+00
9.999999926232021608e-01
1.112407464159346298e-37
4.788842600618069628e-38
9.422066902874052036e-230
1.000000000000000000e+00
1.000000000000000000e+00
1.000000000000000000e+00
1.000000000000000000e+00
1.000000000000000000e+00
1.000000000000000000e+00
1.000000000000000000e+00
9.999997029310506713e-01
1.000000000000000000e+00
1.689339632162728868e-223
1.000000000000000000e+00
4.065875071486972636e-02
1.956351674169423336e-224
6.736976759646945330e-09
1.000000000000000000e+00
1.000000000000000000e+00
1.000000000000000000e+00
1.000000000000000000e+00
7.131850460788416363e-09
1.000000000000000000e+00
1.090296934075517344e-37
1.000000000000000000e+00
1.000000000000000000e+00
1.000000000000000000e+00
1.000000000000000000e+00
2.371692261322370360e-230
1.000000000000000000e+00
3.779008810397546459e-38
9.999999560963611644e-01
1.053574074981726261e-226
1.000000000000000000e+00
1.000000000000000000e+00
1.000000000000000000e+00
3.694762202967247729e-145
1.000000000000000000e+00
1.000000000000000000e+00
1.000000000000000000e+00
6.736976759646945330e-09
1.000000000000000000e+00
1.000000000000000000e+00
1.000000000000000000e+00
1.000000000000000000e+00
1.000000000000000000e+00
1.000000000000000000e+00
9.999997029310506713e-01
9.999999560963611644e-01
1.000000000000000000e+00
1.000000000000000000e+00
2.358720194402396104e-41
9.999999998706812221e-01
1.000000000000000000e+00
1.000000000000000000e+00
1.000000000000000000e+00
1.000000000000000000e+00
1.000000000000000000e+00
1.000000000000000000e+00
1.000000000000000000e+00
1.000000000000000000e+00
6.071677859626378607e-230
1.000000000000000000e+00
1.000000000000000000e+00
6.320775662131822530e-226
1.000000000000000000e+00
1.000000000000000000e+00
2.803255054544951994e-214
1.000000000000000000e+00
1.000000000000000000e+00
1.000000000000000000e+00
3.366346344371885925e-194
1.000000000000000000e+00
1.000000000000000000e+00
1.000000000000000000e+00
1.000000000000000000e+00
9.999999985460590324e-01
1.000000000000000000e+00
1.000000000000000000e+00
1.000000000000000000e+00
1.000000000000000000e+00
1.000000000000000000e+00
1.000000000000000000e+00
1.154237777485538476e-37
1.000000000000000000e+00
9.742783454175168665e-38
1.000000000000000000e+00
1.000000000000000000e+00
1.000000000000000000e+00
1.000000000000000000e+00
4.049695649568779150e-229
1.000000000000000000e+00
9.999995519171287484e-01
1.000000000000000000e+00
1.000000000000000000e+00
1.000000000000000000e+00
1.000000000000000000e+00
9.424867422568543242e-230
9.999999322636791144e-01
1.000000000000000000e+00
5.912908890510957981e-229
1.015530916780798908e-146
1.000000000000000000e+00
9.999998713965478903e-01
1.069096395263000813e-139
1.000000000000000000e+00
1.000000000000000000e+00
9.999917093092908216e-01
1.000000000000000000e+00
1.000000000000000000e+00
1.005743372547402408e-06
1.000000000000000000e+00
1.000000000000000000e+00
1.000000000000000000e+00
1.000000000000000000e+00
1.000000000000000000e+00
1.000000000000000000e+00
9.999999773016841065e-01
1.000000000000000000e+00
1.000000000000000000e+00
9.999994507407822253e-01
1.000000000000000000e+00
1.000000000000000000e+00
1.000000000000000000e+00
9.960234811622036553e-07
1.000000000000000000e+00
1.000000000000000000e+00
1.000000000000000000e+00
1.000000000000000000e+00
1.000000000000000000e+00
1.724749621632265966e-227
1.000000000000000000e+00
0.000000000000000000e+00
1.000000000000000000e+00
1.000000000000000000e+00
2.298007587429960197e-229
4.972407462300778102e-38
1.000000000000000000e+00
1.000000000000000000e+00
2.362930345657690187e-145
5.197673738453849443e-96
1.000000000000000000e+00
1.000000000000000000e+00
2.657682648527265298e-230
1.000000000000000000e+00
1.000000000000000000e+00
1.000000000000000000e+00
1.000000000000000000e+00
1.000000000000000000e+00
1.683372077527549483e-196
1.000000000000000000e+00
3.580271362970035122e-56
1.000000000000000000e+00
1.000000000000000000e+00
1.020626443480063966e-229
1.000000000000000000e+00
1.000000000000000000e+00
1.000000000000000000e+00
8.313410113872237792e-196
1.398910756221441799e-227
1.000000000000000000e+00
1.000000000000000000e+00
1.000000000000000000e+00
1.000000000000000000e+00
1.244590277915908037e-226
5.263741247585320020e-38
6.152566654450727823e-14
1.000000000000000000e+00
9.742783454175168665e-38
2.379763987424408962e-07
9.999998713965478903e-01
1.000000000000000000e+00
1.000000000000000000e+00
1.000000000000000000e+00
1.000000000000000000e+00
9.999999854679800793e-01
1.090296934075517344e-37
1.000000000000000000e+00
1.000000000000000000e+00
5.158790101443423600e-150
1.000000000000000000e+00
1.523292215105371293e-198
1.000000000000000000e+00
1.000000000000000000e+00
6.081872245606326010e-164
9.999794691447473349e-01
1.000000000000000000e+00
1.000000000000000000e+00
1.000000000000000000e+00
6.736976759646945330e-09
9.999508387232008966e-01
1.154237777485538476e-37
1.000000000000000000e+00
6.736976759646945330e-09
9.999999996548467607e-01
3.779008810397546459e-38
1.154237777485538476e-37
1.000000000000000000e+00
1.000000000000000000e+00
1.000000000000000000e+00
1.000000000000000000e+00
1.000000000000000000e+00
9.999931120282397057e-01
1.000000000000000000e+00
1.000000000000000000e+00
1.000000000000000000e+00
1.000000000000000000e+00
1.000000000000000000e+00
1.000000000000000000e+00
1.000000000000000000e+00
9.999900341561906991e-01
1.101061432650372452e-227
1.000000000000000000e+00
9.999508387232008966e-01
1.000000000000000000e+00
4.131372172366186538e-40
7.622635859968489016e-187
4.721285188833027803e-229
1.000000000000000000e+00
6.447402545218739620e-157
1.000000000000000000e+00
1.551400185124335013e-187
1.000000000000000000e+00
1.000000000000000000e+00
1.000000000000000000e+00
1.000000000000000000e+00
1.000000000000000000e+00
1.000000000000000000e+00
1.000000000000000000e+00
1.000000000000000000e+00
1.000000000000000000e+00
1.000000000000000000e+00
4.490944922812631277e-220
1.000000000000000000e+00
1.000000000000000000e+00
1.000000000000000000e+00
1.000000000000000000e+00
3.614014765985969424e-159
1.000000000000000000e+00
1.634811040347310724e-236
1.000000000000000000e+00
1.000000000000000000e+00
1.000000000000000000e+00
1.000000000000000000e+00
1.000000000000000000e+00
1.000000000000000000e+00
9.999998713965478903e-01
1.000000000000000000e+00
1.000000000000000000e+00
1.000000000000000000e+00
1.000000000000000000e+00
9.999707681989430386e-01
3.288492340781413436e-107
9.999931120282397057e-01
1.000000000000000000e+00
1.000000000000000000e+00
6.478736947549438743e-161
1.000000000000000000e+00
4.064444542533756505e-02
1.000000000000000000e+00
1.184442277025811218e-223
1.000000000000000000e+00
1.000000000000000000e+00
1.000000000000000000e+00
1.000000000000000000e+00
1.000000000000000000e+00
1.000000000000000000e+00
4.187345026352843684e-184
1.000000000000000000e+00
1.000000000000000000e+00
1.000000000000000000e+00
1.000000000000000000e+00
1.000000000000000000e+00
9.999997585763089614e-01
1.000000000000000000e+00
1.000000000000000000e+00
1.090296934075517344e-37
3.272188686639996265e-222
1.000000000000000000e+00
5.233863580862948058e-12
0.000000000000000000e+00
2.374867412527336685e-07
9.999998411540913512e-01
9.999999716841334596e-01
1.000000000000000000e+00
1.000000000000000000e+00
1.000000000000000000e+00
1.000000000000000000e+00
1.000000000000000000e+00
1.000000000000000000e+00
1.000000000000000000e+00
1.000000000000000000e+00
1.000000000000000000e+00
3.103866397994025144e-227
9.999996349229247627e-01
1.000000000000000000e+00
3.338840118524273385e-201
1.000000000000000000e+00
0.000000000000000000e+00
1.000000000000000000e+00
1.000000000000000000e+00
9.999999962957986099e-01
1.000000000000000000e+00
1.000000000000000000e+00
2.343409645860697506e-230
9.999999999866986400e-01
9.999991778554400135e-01
1.000000000000000000e+00
1.000000000000000000e+00
1.000000000000000000e+00
1.000000000000000000e+00
3.212294783420394789e-02
9.999999454330478210e-01
4.972407462300778102e-38
1.000000000000000000e+00
1.000000000000000000e+00
9.999999926232021608e-01
7.837145402175696037e-228
1.000000000000000000e+00
2.247256782635056253e-145
0.000000000000000000e+00
1.000000000000000000e+00
1.000000000000000000e+00
1.000000000000000000e+00
1.000000000000000000e+00
1.000000000000000000e+00
9.999999999020587893e-01
1.000000000000000000e+00
1.000000000000000000e+00
1.000000000000000000e+00
9.999999999524220584e-01
6.736976759646945330e-09
1.000000000000000000e+00
1.000000000000000000e+00
3.460349399514447656e-213
1.000000000000000000e+00
1.000000000000000000e+00
9.999977967475330853e-01
9.999998411540913512e-01
6.437762138506901601e-215
1.000000000000000000e+00
0.000000000000000000e+00
9.999416959376663527e-01
1.090296934075517344e-37
1.031528952815884092e-37
1.000000000000000000e+00
9.999999773016841065e-01
9.999183282363658387e-01
2.488833469343041662e-47
6.736976759646945330e-09
1.154237777485538476e-37
2.473346078124987723e-155
1.000000000000000000e+00
1.849315062708565310e-161
1.000000000000000000e+00
9.999999160201049619e-01
1.000000000000000000e+00
1.000000000000000000e+00
1.000000000000000000e+00
1.000000000000000000e+00
1.000000000000000000e+00
7.917938501657926930e-21
1.000000000000000000e+00
5.263741247585320020e-38
1.000000000000000000e+00
6.736976759646945330e-09
9.999999998706812221e-01
1.000000000000000000e+00
3.030867932663860497e-77
1.000000000000000000e+00
9.999999988525587469e-01
1.000000000000000000e+00
1.000000000000000000e+00
1.000000000000000000e+00
4.972407462300778102e-38
2.972396672915760377e-144
1.000000000000000000e+00
1.000000000000000000e+00
1.000000000000000000e+00
1.000000000000000000e+00
1.000000000000000000e+00
1.000000000000000000e+00
1.000000000000000000e+00
9.999999997294821696e-01
9.999994507407822253e-01
6.736976759646945330e-09
1.000000000000000000e+00
4.912524343879565527e-230
1.000000000000000000e+00
1.000000000000000000e+00
1.865000773447780324e-203
2.293087331631328015e-224
1.000000000000000000e+00
5.250155509981538677e-221
1.000000000000000000e+00
1.000000000000000000e+00
6.700095599675015408e-226
9.999999996619521880e-01
3.043155508642244510e-199
1.000000000000000000e+00
1.090296934075517344e-37
1.000000000000000000e+00
1.000000000000000000e+00
1.000000000000000000e+00
1.000000000000000000e+00
1.000000000000000000e+00
1.000000000000000000e+00
1.000000000000000000e+00
1.000000000000000000e+00
8.675991528299406513e-13
7.956763437899811332e-09
1.059371268753659792e-228
0.000000000000000000e+00
1.000000000000000000e+00
4.296572988022334671e-02
4.946021651998814538e-196
3.388929969266937770e-45
9.742783454175168665e-38
1.000000000000000000e+00
3.475600945149073571e-220
1.000000000000000000e+00
1.485844459167360262e-229
1.056274304113488899e-229
1.177222319691450504e-219
1.000000000000000000e+00
1.000000000000000000e+00
9.999997029310506713e-01
9.549066516923616243e-10
5.649278964465408842e-230
1.000000000000000000e+00
1.000000000000000000e+00
1.000000000000000000e+00
5.740689523569488826e-133
1.000000000000000000e+00
1.154237777485538476e-37
5.420748197018582728e-21
1.644846426979346762e-170
1.000000000000000000e+00
1.000000000000000000e+00
1.000000000000000000e+00
1.000000000000000000e+00
1.000000000000000000e+00
9.994442592816560829e-07
1.000000000000000000e+00
3.251397812724030370e-224
4.972407462300778102e-38
1.000000000000000000e+00
1.000000000000000000e+00
1.000000000000000000e+00
1.678242367728366860e-225
1.000000000000000000e+00
3.954777427966062585e-144
1.000000000000000000e+00
1.000000000000000000e+00
2.378907116093642965e-07
6.739855217326931949e-03
5.263741247585320020e-38
1.000000000000000000e+00
1.000000000000000000e+00
1.000000000000000000e+00
1.000000000000000000e+00
5.263741247585320020e-38
1.000000000000000000e+00
1.000000000000000000e+00
7.280863419604177385e-220
9.608376168498541833e-10
1.000000000000000000e+00
1.000000000000000000e+00
1.000000000000000000e+00
1.894571134843123886e-175
6.036831955559488797e-202
1.000000000000000000e+00
1.000000000000000000e+00
7.128708816900152653e-25
1.000000000000000000e+00
1.000000000000000000e+00
1.000000000000000000e+00
1.000000000000000000e+00
1.000000000000000000e+00
1.000000000000000000e+00
1.000000000000000000e+00
1.655699870062306325e-143
1.000000000000000000e+00
1.948079185184636303e-227
1.000000000000000000e+00
1.000000000000000000e+00
1.000000000000000000e+00
1.000000000000000000e+00
1.000000000000000000e+00
8.122374605590539545e-25
6.416625955583429616e-165
3.147846538997970085e-143
9.999999953340079628e-01
9.999309471197843635e-01
1.000000000000000000e+00
1.000000000000000000e+00
1.000000000000000000e+00
6.762309916925400547e-224
1.000000000000000000e+00
1.000000000000000000e+00
1.000000000000000000e+00
1.090296934075517344e-37
1.000000000000000000e+00
1.000000000000000000e+00
1.000000000000000000e+00
1.711503864932728147e-228
1.000000000000000000e+00
1.000000000000000000e+00
1.000000000000000000e+00
3.726537343118932571e-230
1.000000000000000000e+00
9.999856575977568163e-01
2.184298130080192701e-204
1.000000000000000000e+00
1.000000000000000000e+00
1.000000000000000000e+00
1.000000000000000000e+00
1.000000000000000000e+00
1.000000000000000000e+00
2.319916881680562156e-152
9.742783454175168665e-38
7.131850460788416363e-09
1.000000000000000000e+00
1.000000000000000000e+00
1.486806665364357072e-200
1.000000000000000000e+00
1.000000000000000000e+00
9.999999990955075191e-01
1.000000000000000000e+00
1.000000000000000000e+00
2.524537043090382411e-37
1.000000000000000000e+00
9.999917093092908216e-01
9.999707681989430386e-01
1.000000000000000000e+00
2.740449278575952856e-230
1.000000000000000000e+00
1.000000000000000000e+00
1.000000000000000000e+00
1.000000000000000000e+00
2.000244328323780004e-98
1.000000000000000000e+00
5.702299283999233657e-66
1.000000000000000000e+00
1.000000000000000000e+00
1.000000000000000000e+00
1.000000000000000000e+00
1.000000000000000000e+00
1.000000000000000000e+00
1.993058660518752618e-196
2.702022333405498126e-230
1.000000000000000000e+00
3.484789260510721132e-01
1.000000000000000000e+00
