9.357970952987670898e-01
9.433329105377197266e-01
8.640524744987487793e-01
9.433329105377197266e-01
9.433329105377197266e-01
8.614474534988403320e-01
5.911132693290710449e-01
9.360014796257019043e-01
9.265140295028686523e-01
8.877613544464111328e-01
8.514128923416137695e-01
7.437689900398254395e-01
9.274888634681701660e-01
5.988031625747680664e-01
9.275733828544616699e-01
9.145845770835876465e-01
6.411129236221313477e-01
9.348232746124267578e-01
9.230885505676269531e-01
9.433329105377197266e-01
9.433329105377197266e-01
9.276574254035949707e-01
9.433329105377197266e-01
5.925622582435607910e-01
9.433329105377197266e-01
7.367427349090576172e-01
9.346565604209899902e-01
9.433202743530273438e-01
9.367523789405822754e-01
9.276574254035949707e-01
9.433329105377197266e-01
8.607860207557678223e-01
9.326724410057067871e-01
9.433074593544006348e-01
9.349876046180725098e-01
2.222154140472412109e-01
2.226324975490570068e-01
9.275733828544616699e-01
9.282515048980712891e-01
8.587746024131774902e-01
8.567219972610473633e-01
9.433329105377197266e-01
2.307565808296203613e-01
9.276574254035949707e-01
8.546288609504699707e-01
9.276574254035949707e-01
9.136233329772949219e-01
9.283187389373779297e-01
7.889026999473571777e-01
5.582282543182373047e-01
9.276574254035949707e-01
9.434768557548522949e-01
9.237084388732910156e-01
9.276574254035949707e-01
8.535671234130859375e-01
9.275733828544616699e-01
9.276574254035949707e-01
9.353888630867004395e-01
6.430016160011291504e-01
6.287060976028442383e-01
2.744646668434143066e-01
9.276574254035949707e-01
8.535671234130859375e-01
8.650116920471191406e-01
9.433329105377197266e-01
6.267091631889343262e-01
9.276574254035949707e-01
5.925622582435607910e-01
9.433329105377197266e-01
9.363808035850524902e-01
9.276574254035949707e-01
8.419783115386962891e-01
6.882241368293762207e-01
9.433202743530273438e-01
2.260566651821136475e-01
9.276574254035949707e-01
9.355472326278686523e-01
9.433329105377197266e-01
9.354467988014221191e-01
8.587746024131774902e-01
9.248057007789611816e-01
8.656452894210815430e-01
9.433329105377197266e-01
7.659947276115417480e-01
9.274888634681701660e-01
7.369911074638366699e-01
9.366267919540405273e-01
9.370864033699035645e-01
7.654958367347717285e-01
9.276574254035949707e-01
8.439269661903381348e-01
9.433329105377197266e-01
2.228973805904388428e-01
9.433202743530273438e-01
3.636512160301208496e-01
9.345689415931701660e-01
7.029646635055541992e-01
9.434768557548522949e-01
9.276574254035949707e-01
9.246184825897216797e-01
9.191383123397827148e-01
7.860082387924194336e-01
9.276574254035949707e-01
9.276574254035949707e-01
9.199943542480468750e-01
6.326936483383178711e-01
9.280710816383361816e-01
9.276574254035949707e-01
9.354373812675476074e-01
9.433329105377197266e-01
9.275733828544616699e-01
9.433329105377197266e-01
9.272335171699523926e-01
9.246431589126586914e-01
9.274040460586547852e-01
7.531945109367370605e-01
8.617764711380004883e-01
9.348397254943847656e-01
9.274040460586547852e-01
9.276574254035949707e-01
2.214110642671585083e-01
9.433329105377197266e-01
9.275733828544616699e-01
7.369691133499145508e-01
9.207415580749511719e-01
9.433329105377197266e-01
7.158313989639282227e-01
2.285389006137847900e-01
3.959760367870330811e-01
9.275733828544616699e-01
5.430968999862670898e-01
9.367626309394836426e-01
7.540235519409179688e-01
9.276574254035949707e-01
9.276574254035949707e-01
5.905919671058654785e-01
9.298636913299560547e-01
9.276574254035949707e-01
9.359315037727355957e-01
9.433329105377197266e-01
9.276574254035949707e-01
9.433074593544006348e-01
2.711862027645111084e-01
9.367147088050842285e-01
9.338390231132507324e-01
9.258425831794738770e-01
9.433329105377197266e-01
9.276574254035949707e-01
9.364441633224487305e-01
7.654958367347717285e-01
9.276574254035949707e-01
7.028451561927795410e-01
9.276574254035949707e-01
9.434768557548522949e-01
9.434768557548522949e-01
7.654958367347717285e-01
9.258781075477600098e-01
9.276574254035949707e-01
9.276574254035949707e-01
7.028640508651733398e-01
2.865808606147766113e-01
5.913072228431701660e-01
7.654989957809448242e-01
9.370644092559814453e-01
9.276574254035949707e-01
9.433329105377197266e-01
9.275733828544616699e-01
9.353694915771484375e-01
9.253204464912414551e-01
9.275733828544616699e-01
5.928295850753784180e-01
9.434768557548522949e-01
2.216283828020095825e-01
9.276574254035949707e-01
5.770221352577209473e-01
9.433329105377197266e-01
8.640524744987487793e-01
9.275733828544616699e-01
9.145852923393249512e-01
9.276574254035949707e-01
6.422771811485290527e-01
7.654958367347717285e-01
9.376571774482727051e-01
2.227381914854049683e-01
9.351083040237426758e-01
7.632173895835876465e-01
9.275224804878234863e-01
9.433329105377197266e-01
9.433329105377197266e-01
9.270685911178588867e-01
9.276574254035949707e-01
8.591127991676330566e-01
9.367979764938354492e-01
9.244237542152404785e-01
8.506856560707092285e-01
8.624315857887268066e-01
9.433329105377197266e-01
9.274888634681701660e-01
9.269207715988159180e-01
9.433329105377197266e-01
9.276574254035949707e-01
2.303247153759002686e-01
8.624315857887268066e-01
9.433329105377197266e-01
9.433329105377197266e-01
9.363355040550231934e-01
9.433329105377197266e-01
8.477305173873901367e-01
9.349333643913269043e-01
9.433074593544006348e-01
8.643736243247985840e-01
7.028564810752868652e-01
9.434768557548522949e-01
9.350979924201965332e-01
8.421028256416320801e-01
4.413385093212127686e-01
2.532798349857330322e-01
9.276574254035949707e-01
2.941173613071441650e-01
9.433329105377197266e-01
6.271467804908752441e-01
9.276574254035949707e-01
9.433202743530273438e-01
9.331842064857482910e-01
9.276574254035949707e-01
8.668999671936035156e-01
3.291930258274078369e-01
9.275733828544616699e-01
2.225041985511779785e-01
9.307270646095275879e-01
2.229947447776794434e-01
9.359803199768066406e-01
7.659947276115417480e-01
9.433329105377197266e-01
9.276574254035949707e-01
9.433329105377197266e-01
8.514128923416137695e-01
9.344504475593566895e-01
9.366849064826965332e-01
9.276574254035949707e-01
9.260884523391723633e-01
9.276574254035949707e-01
9.212309718132019043e-01
9.433329105377197266e-01
9.275733828544616699e-01
8.556805253028869629e-01
6.271471381187438965e-01
9.433202743530273438e-01
2.215650081634521484e-01
9.276574254035949707e-01
9.276574254035949707e-01
9.433329105377197266e-01
9.433329105377197266e-01
9.261921644210815430e-01
9.276574254035949707e-01
9.433329105377197266e-01
9.434768557548522949e-01
9.274040460586547852e-01
9.369276762008666992e-01
9.433329105377197266e-01
7.609794139862060547e-01
9.433329105377197266e-01
6.283015608787536621e-01
9.433329105377197266e-01
9.268577098846435547e-01
9.276574254035949707e-01
9.219776391983032227e-01
9.276574254035949707e-01
9.432678818702697754e-01
9.250214695930480957e-01
9.433329105377197266e-01
9.286444783210754395e-01
2.353331893682479858e-01
8.473559021949768066e-01
9.290181994438171387e-01
9.280719161033630371e-01
8.627578616142272949e-01
9.358544349670410156e-01
2.240751832723617554e-01
5.905919671058654785e-01
9.354286789894104004e-01
2.203662395477294922e-01
2.289504557847976685e-01
9.434768557548522949e-01
9.434768557548522949e-01
2.396790385246276855e-01
9.275733828544616699e-01
9.433074593544006348e-01
8.521355390548706055e-01
9.276574254035949707e-01
9.348276257514953613e-01
2.306364029645919800e-01
9.276574254035949707e-01
7.664960026741027832e-01
9.276574254035949707e-01
7.369912266731262207e-01
9.433329105377197266e-01
9.281717538833618164e-01
3.044301867485046387e-01
2.595351636409759521e-01
4.828399419784545898e-01
6.168587207794189453e-01
7.028589844703674316e-01
9.276574254035949707e-01
8.634072542190551758e-01
9.156539440155029297e-01
7.531945109367370605e-01
9.276574254035949707e-01
9.433329105377197266e-01
9.432945251464843750e-01
8.690554499626159668e-01
9.253008365631103516e-01
9.276574254035949707e-01
7.369912266731262207e-01
9.228427410125732422e-01
9.276574254035949707e-01
9.276574254035949707e-01
5.908534526824951172e-01
2.275033146142959595e-01
9.181452989578247070e-01
9.275733828544616699e-01
9.250549077987670898e-01
8.567219972610473633e-01
9.433329105377197266e-01
2.934228181838989258e-01
5.908534526824951172e-01
3.608309924602508545e-01
9.276574254035949707e-01
9.434768557548522949e-01
8.514128923416137695e-01
9.180558919906616211e-01
9.358869791030883789e-01
9.433329105377197266e-01
9.234343767166137695e-01
9.275733828544616699e-01
6.600029468536376953e-01
2.610133588314056396e-01
9.434768557548522949e-01
6.758924126625061035e-01
5.911132693290710449e-01
9.276574254035949707e-01
2.304006367921829224e-01
9.433329105377197266e-01
9.373911023139953613e-01
4.206281006336212158e-01
9.186509847640991211e-01
2.231905758380889893e-01
9.433202743530273438e-01
6.267091631889343262e-01
9.276574254035949707e-01
9.275733828544616699e-01
9.275614619255065918e-01
9.276574254035949707e-01
9.276574254035949707e-01
8.535671234130859375e-01
9.276574254035949707e-01
9.433329105377197266e-01
9.363484382629394531e-01
9.433329105377197266e-01
9.250872731208801270e-01
5.905919671058654785e-01
9.433202743530273438e-01
9.309869408607482910e-01
8.549805283546447754e-01
9.274888634681701660e-01
9.433329105377197266e-01
9.275733828544616699e-01
9.356099367141723633e-01
3.200661242008209229e-01
2.582793235778808594e-01
9.433329105377197266e-01
6.287021040916442871e-01
5.007103085517883301e-01
9.301871657371520996e-01
9.275733828544616699e-01
8.587746024131774902e-01
9.433329105377197266e-01
3.568949103355407715e-01
9.317547678947448730e-01
7.028557658195495605e-01
9.299461245536804199e-01
9.276574254035949707e-01
9.433329105377197266e-01
9.365658760070800781e-01
9.274888634681701660e-01
9.336473345756530762e-01
9.272707700729370117e-01
8.560287952423095703e-01
9.433329105377197266e-01
9.433329105377197266e-01
7.534352540969848633e-01
8.488794565200805664e-01
9.232586622238159180e-01
8.678299784660339355e-01
8.895475864410400391e-01
9.366819858551025391e-01
8.634072542190551758e-01
9.275733828544616699e-01
5.908534526824951172e-01
5.925622582435607910e-01
7.534922957420349121e-01
9.433329105377197266e-01
8.624315857887268066e-01
2.262423932552337646e-01
9.433074593544006348e-01
9.433329105377197266e-01
9.433329105377197266e-01
7.654958367347717285e-01
7.367206215858459473e-01
8.748614192008972168e-01
9.370085597038269043e-01
2.429095655679702759e-01
5.908534526824951172e-01
9.433329105377197266e-01
9.276574254035949707e-01
7.395482659339904785e-01
9.276574254035949707e-01
8.699638247489929199e-01
5.908534526824951172e-01
9.276574254035949707e-01
5.925663709640502930e-01
9.433329105377197266e-01
5.925663709640502930e-01
8.643736243247985840e-01
9.239413738250732422e-01
9.433329105377197266e-01
9.433329105377197266e-01
4.381970167160034180e-01
9.358180761337280273e-01
9.275733828544616699e-01
9.360304474830627441e-01
5.913072228431701660e-01
9.168770313262939453e-01
9.433329105377197266e-01
2.228004932403564453e-01
8.473559021949768066e-01
9.276574254035949707e-01
2.232865244150161743e-01
2.237236350774765015e-01
9.433329105377197266e-01
9.434768557548522949e-01
7.659947276115417480e-01
9.364652037620544434e-01
9.366376399993896484e-01
9.276574254035949707e-01
2.650913298130035400e-01
9.334938526153564453e-01
9.433074593544006348e-01
8.580948710441589355e-01
9.433329105377197266e-01
9.433329105377197266e-01
9.433329105377197266e-01
9.276574254035949707e-01
9.276574254035949707e-01
9.294500946998596191e-01
9.433329105377197266e-01
9.433329105377197266e-01
9.434768557548522949e-01
9.276574254035949707e-01
8.594499230384826660e-01
7.496796846389770508e-01
9.368719458580017090e-01
2.229295670986175537e-01
9.351059198379516602e-01
9.287265539169311523e-01
9.348708391189575195e-01
5.127486586570739746e-01
9.178051948547363281e-01
2.194199860095977783e-01
9.433329105377197266e-01
9.434768557548522949e-01
2.627851665019989014e-01
9.433329105377197266e-01
9.275733828544616699e-01
9.264461398124694824e-01
8.637303709983825684e-01
9.370842576026916504e-01
9.276574254035949707e-01
2.240272164344787598e-01
9.257637262344360352e-01
7.654958367347717285e-01
9.197059273719787598e-01
9.325743317604064941e-01
9.276574254035949707e-01
9.370867609977722168e-01
9.433329105377197266e-01
9.246082305908203125e-01
9.433329105377197266e-01
8.510498404502868652e-01
9.433202743530273438e-01
5.416481494903564453e-01
9.433329105377197266e-01
9.275733828544616699e-01
9.294956326484680176e-01
9.358097314834594727e-01
9.276574254035949707e-01
9.432945251464843750e-01
9.433329105377197266e-01
2.357259243726730347e-01
9.258896708488464355e-01
8.517747521400451660e-01
7.307171225547790527e-01
7.367427349090576172e-01
9.269403219223022461e-01
2.363889962434768677e-01
9.433329105377197266e-01
2.218025475740432739e-01
9.357715249061584473e-01
9.249234795570373535e-01
8.471396565437316895e-01
7.367426753044128418e-01
8.110495805740356445e-01
9.275733828544616699e-01
2.219980359077453613e-01
8.427613377571105957e-01
5.905919671058654785e-01
9.276574254035949707e-01
9.275733828544616699e-01
9.281948804855346680e-01
9.434768557548522949e-01
9.272722601890563965e-01
9.433202743530273438e-01
9.342055916786193848e-01
9.345735907554626465e-01
9.433329105377197266e-01
3.296440839767456055e-01
9.356276988983154297e-01
9.276574254035949707e-01
2.232849895954132080e-01
9.274888634681701660e-01
9.433329105377197266e-01
8.597857356071472168e-01
9.276574254035949707e-01
5.913072228431701660e-01
9.274888634681701660e-01
4.418713748455047607e-01
2.366662919521331787e-01
9.433329105377197266e-01
8.577533364295959473e-01
8.584352731704711914e-01
9.276574254035949707e-01
9.433329105377197266e-01
8.532109260559082031e-01
9.433329105377197266e-01
7.654989957809448242e-01
2.680071592330932617e-01
9.276574254035949707e-01
9.276574254035949707e-01
2.254778742790222168e-01
9.276574254035949707e-01
9.433329105377197266e-01
9.364401698112487793e-01
5.925622582435607910e-01
5.925622582435607910e-01
9.433329105377197266e-01
2.392995208501815796e-01
9.275733828544616699e-01
9.320648312568664551e-01
2.612353861331939697e-01
6.817020773887634277e-01
5.913072228431701660e-01
8.640524744987487793e-01
9.433329105377197266e-01
9.433329105377197266e-01
9.276574254035949707e-01
9.276574254035949707e-01
2.200978100299835205e-01
9.275733828544616699e-01
9.275733828544616699e-01
2.425268441438674927e-01
9.433329105377197266e-01
9.433329105377197266e-01
9.433329105377197266e-01
8.627578616142272949e-01
9.197036027908325195e-01
9.433329105377197266e-01
9.433329105377197266e-01
9.361782073974609375e-01
9.341545701026916504e-01
9.276574254035949707e-01
9.433329105377197266e-01
9.433329105377197266e-01
2.291244119405746460e-01
9.433329105377197266e-01
8.567219972610473633e-01
9.276574254035949707e-01
8.556805253028869629e-01
9.244436025619506836e-01
8.488473892211914062e-01
9.434768557548522949e-01
9.434768557548522949e-01
8.532109260559082031e-01
5.905919671058654785e-01
9.433329105377197266e-01
8.621045351028442383e-01
8.621045351028442383e-01
5.162699222564697266e-01
9.276574254035949707e-01
9.276574254035949707e-01
9.274040460586547852e-01
9.433329105377197266e-01
5.905960202217102051e-01
5.913762450218200684e-01
9.276574254035949707e-01
8.553311228752136230e-01
9.276574254035949707e-01
9.433202743530273438e-01
9.275733828544616699e-01
9.184269309043884277e-01
8.653290271759033203e-01
3.641526997089385986e-01
7.537249922752380371e-01
9.276574254035949707e-01
9.433202743530273438e-01
8.646934032440185547e-01
6.429944634437561035e-01
9.276574254035949707e-01
9.276574254035949707e-01
9.259402751922607422e-01
8.570669293403625488e-01
9.228299856185913086e-01
9.433329105377197266e-01
9.433329105377197266e-01
2.287181168794631958e-01
2.368183284997940063e-01
9.274888634681701660e-01
9.273528456687927246e-01
9.290315508842468262e-01
6.267091631889343262e-01
7.686996459960937500e-01
9.261206388473510742e-01
7.520620822906494141e-01
8.637303709983825684e-01
8.535671234130859375e-01
9.276574254035949707e-01
5.735670328140258789e-01
9.433202743530273438e-01
8.462238907814025879e-01
9.433202743530273438e-01
7.659947276115417480e-01
2.216107100248336792e-01
8.597857356071472168e-01
9.434768557548522949e-01
9.376249909400939941e-01
9.371799230575561523e-01
9.276574254035949707e-01
9.211736917495727539e-01
8.503202795982360840e-01
2.489944398403167725e-01
9.274888634681701660e-01
9.350540637969970703e-01
8.640524744987487793e-01
2.218931764364242554e-01
9.373233914375305176e-01
5.602188110351562500e-01
9.275733828544616699e-01
9.433329105377197266e-01
8.662747144699096680e-01
9.275733828544616699e-01
9.433202743530273438e-01
5.893378257751464844e-01
9.434651136398315430e-01
9.433329105377197266e-01
9.433074593544006348e-01
9.274888634681701660e-01
9.290645122528076172e-01
2.503243982791900635e-01
9.433329105377197266e-01
9.275733828544616699e-01
9.331359863281250000e-01
9.296554923057556152e-01
9.275733828544616699e-01
9.276574254035949707e-01
6.328030228614807129e-01
7.552135586738586426e-01
2.927845120429992676e-01
9.433329105377197266e-01
9.276574254035949707e-01
8.495861291885375977e-01
9.316062331199645996e-01
8.546288609504699707e-01
2.439080327749252319e-01
8.591127991676330566e-01
3.632139265537261963e-01
2.457213401794433594e-01
2.284444123506546021e-01
8.096054792404174805e-01
9.276574254035949707e-01
9.433329105377197266e-01
2.232876271009445190e-01
9.276574254035949707e-01
2.230795919895172119e-01
9.354640841484069824e-01
9.276574254035949707e-01
5.908534526824951172e-01
2.348169386386871338e-01
2.246314883232116699e-01
5.955228209495544434e-01
5.893378257751464844e-01
8.542760610580444336e-01
2.395276725292205811e-01
8.617764711380004883e-01
9.194722771644592285e-01
9.433074593544006348e-01
2.269406616687774658e-01
2.212882488965988159e-01
8.495861291885375977e-01
8.584352731704711914e-01
7.367427349090576172e-01
9.433329105377197266e-01
9.361511468887329102e-01
9.305486679077148438e-01
9.276574254035949707e-01
6.426345109939575195e-01
7.917585968971252441e-01
6.287450194358825684e-01
8.462238907814025879e-01
9.276574254035949707e-01
9.276574254035949707e-01
9.174261689186096191e-01
9.200509190559387207e-01
8.650116920471191406e-01
3.910403549671173096e-01
9.319353103637695312e-01
9.369015693664550781e-01
7.028686404228210449e-01
8.549805283546447754e-01
9.433202743530273438e-01
9.276574254035949707e-01
9.363207221031188965e-01
8.711605668067932129e-01
9.257782101631164551e-01
2.549467980861663818e-01
8.604536652565002441e-01
9.433329105377197266e-01
9.433329105377197266e-01
9.371390342712402344e-01
9.276574254035949707e-01
9.343284964561462402e-01
8.556805253028869629e-01
5.398343205451965332e-01
7.654989957809448242e-01
7.616356015205383301e-01
9.276574254035949707e-01
7.369691133499145508e-01
9.275640845298767090e-01
9.276574254035949707e-01
8.528535962104797363e-01
9.276574254035949707e-01
9.276574254035949707e-01
9.276574254035949707e-01
9.276574254035949707e-01
9.433329105377197266e-01
9.283779263496398926e-01
7.372485399246215820e-01
7.373696565628051758e-01
9.434768557548522949e-01
7.508663535118103027e-01
9.349775910377502441e-01
9.433074593544006348e-01
8.614474534988403320e-01
2.214032560586929321e-01
5.908534526824951172e-01
9.276574254035949707e-01
9.225635528564453125e-01
9.276574254035949707e-01
9.275733828544616699e-01
9.433329105377197266e-01
9.257066845893859863e-01
8.469798564910888672e-01
9.276574254035949707e-01
9.286809563636779785e-01
9.433329105377197266e-01
9.433329105377197266e-01
9.432945251464843750e-01
2.927319705486297607e-01
9.276574254035949707e-01
9.239839911460876465e-01
9.276574254035949707e-01
8.458440899848937988e-01
2.294594794511795044e-01
9.433329105377197266e-01
8.604536652565002441e-01
9.433329105377197266e-01
6.251608729362487793e-01
9.433329105377197266e-01
9.352802038192749023e-01
9.293412566184997559e-01
9.281518459320068359e-01
9.276574254035949707e-01
7.369912266731262207e-01
9.276574254035949707e-01
9.281972050666809082e-01
9.259506464004516602e-01
8.570669293403625488e-01
9.275733828544616699e-01
8.560287952423095703e-01
9.350438714027404785e-01
9.263235926628112793e-01
2.228973060846328735e-01
9.275733828544616699e-01
9.275733828544616699e-01
9.381513595581054688e-01
9.369915127754211426e-01
9.433329105377197266e-01
9.344229698181152344e-01
9.275733828544616699e-01
9.433329105377197266e-01
5.905960202217102051e-01
9.275733828544616699e-01
9.243046641349792480e-01
9.433329105377197266e-01
2.654579877853393555e-01
9.276574254035949707e-01
9.433202743530273438e-01
8.672109842300415039e-01
9.276574254035949707e-01
8.532109260559082031e-01
7.917837500572204590e-01
2.310145050287246704e-01
9.269276261329650879e-01
9.275733828544616699e-01
9.276574254035949707e-01
8.473559021949768066e-01
2.897686064243316650e-01
9.433329105377197266e-01
9.297302365303039551e-01
9.276574254035949707e-01
8.637303709983825684e-01
6.378183960914611816e-01
5.893378257751464844e-01
9.354807138442993164e-01
8.627578616142272949e-01
7.369691133499145508e-01
9.343689084053039551e-01
2.665685713291168213e-01
8.458440899848937988e-01
9.276574254035949707e-01
8.506856560707092285e-01
8.591127991676330566e-01
9.433202743530273438e-01
9.221564531326293945e-01
8.611172437667846680e-01
9.338263869285583496e-01
9.207045435905456543e-01
9.433329105377197266e-01
9.230418801307678223e-01
6.291007995605468750e-01
5.893378257751464844e-01
9.351126551628112793e-01
8.607860207557678223e-01
9.276574254035949707e-01
9.276574254035949707e-01
9.433329105377197266e-01
9.433329105377197266e-01
9.244237542152404785e-01
9.276574254035949707e-01
9.432945251464843750e-01
9.276574254035949707e-01
7.654958367347717285e-01
8.553311228752136230e-01
9.433329105377197266e-01
5.955228209495544434e-01
9.276574254035949707e-01
9.336007833480834961e-01
2.693811953067779541e-01
9.276574254035949707e-01
9.276574254035949707e-01
9.276574254035949707e-01
9.348906278610229492e-01
7.393788695335388184e-01
9.433329105377197266e-01
9.276574254035949707e-01
2.222147285938262939e-01
2.300781756639480591e-01
6.318760514259338379e-01
9.434768557548522949e-01
8.650116920471191406e-01
9.276574254035949707e-01
9.345586299896240234e-01
8.539221882820129395e-01
9.276574254035949707e-01
9.276574254035949707e-01
5.913112759590148926e-01
9.433329105377197266e-01
2.706443965435028076e-01
9.275733828544616699e-01
9.276574254035949707e-01
9.205313920974731445e-01
9.317595362663269043e-01
9.270614981651306152e-01
9.433329105377197266e-01
9.433329105377197266e-01
9.433329105377197266e-01
6.263540387153625488e-01
9.433329105377197266e-01
8.458440899848937988e-01
9.276574254035949707e-01
9.276574254035949707e-01
9.275733828544616699e-01
7.209968566894531250e-01
9.276574254035949707e-01
9.276574254035949707e-01
9.276574254035949707e-01
2.288357913494110107e-01
7.729470729827880859e-01
2.220785021781921387e-01
9.433202743530273438e-01
9.371043443679809570e-01
9.433329105377197266e-01
9.276574254035949707e-01
9.208444952964782715e-01
9.433329105377197266e-01
9.345842599868774414e-01
9.433329105377197266e-01
2.211648076772689819e-01
2.213802039623260498e-01
9.433329105377197266e-01
2.216855287551879883e-01
2.232307940721511841e-01
6.508091688156127930e-01
2.203339487314224243e-01
5.918300151824951172e-01
9.433202743530273438e-01
9.433329105377197266e-01
9.434768557548522949e-01
8.495861291885375977e-01
5.905960202217102051e-01
9.288905858993530273e-01
9.276574254035949707e-01
5.895972847938537598e-01
9.274888634681701660e-01
9.350841641426086426e-01
9.433329105377197266e-01
5.908534526824951172e-01
9.280464053153991699e-01
9.433329105377197266e-01
9.276574254035949707e-01
2.340158522129058838e-01
8.621045351028442383e-01
8.607860207557678223e-01
9.433329105377197266e-01
6.329944729804992676e-01
3.390694856643676758e-01
8.528535962104797363e-01
8.535671234130859375e-01
9.276574254035949707e-01
8.584352731704711914e-01
9.433329105377197266e-01
9.276574254035949707e-01
9.193793535232543945e-01
8.546288609504699707e-01
5.239447951316833496e-01
3.313707113265991211e-01
9.433329105377197266e-01
9.433329105377197266e-01
9.374707937240600586e-01
9.276574254035949707e-01
5.908575654029846191e-01
9.433329105377197266e-01
9.433329105377197266e-01
9.362009763717651367e-01
9.433329105377197266e-01
9.433329105377197266e-01
9.368301033973693848e-01
4.555506110191345215e-01
9.373721480369567871e-01
9.296089410781860352e-01
9.277923107147216797e-01
9.433202743530273438e-01
8.549805283546447754e-01
8.624315857887268066e-01
9.276574254035949707e-01
9.433329105377197266e-01
2.133541852235794067e-01
9.274888634681701660e-01
9.275733828544616699e-01
8.542760610580444336e-01
9.342443346977233887e-01
9.433329105377197266e-01
7.520588636398315430e-01
9.283192753791809082e-01
7.654958367347717285e-01
2.241437882184982300e-01
9.289254546165466309e-01
5.913072228431701660e-01
9.264783263206481934e-01
2.403471618890762329e-01
9.361782073974609375e-01
9.365130066871643066e-01
8.560287952423095703e-01
9.276574254035949707e-01
9.186003804206848145e-01
9.434768557548522949e-01
6.443986892700195312e-01
9.275733828544616699e-01
9.344733357429504395e-01
9.275733828544616699e-01
9.215685129165649414e-01
9.276574254035949707e-01
9.433329105377197266e-01
9.202317595481872559e-01
9.433329105377197266e-01
9.433329105377197266e-01
9.276574254035949707e-01
9.295182228088378906e-01
9.433329105377197266e-01
4.891401827335357666e-01
2.242390513420104980e-01
9.267446994781494141e-01
9.433202743530273438e-01
9.372345805168151855e-01
2.246488332748413086e-01
8.594499230384826660e-01
2.477835118770599365e-01
9.433329105377197266e-01
9.276574254035949707e-01
9.433329105377197266e-01
9.297037124633789062e-01
9.276574254035949707e-01
9.275733828544616699e-01
9.214645028114318848e-01
9.276574254035949707e-01
9.276574254035949707e-01
9.433329105377197266e-01
7.505674362182617188e-01
9.276574254035949707e-01
2.231197655200958252e-01
7.191395759582519531e-01
8.549805283546447754e-01
9.276574254035949707e-01
7.502750158309936523e-01
9.275733828544616699e-01
9.276574254035949707e-01
8.846978545188903809e-01
8.607860207557678223e-01
9.288666248321533203e-01
2.368862479925155640e-01
9.346871972084045410e-01
8.614474534988403320e-01
9.361929893493652344e-01
8.656452894210815430e-01
9.257423877716064453e-01
8.656452894210815430e-01
8.643736243247985840e-01
9.433329105377197266e-01
9.433074593544006348e-01
9.107791781425476074e-01
8.577533364295959473e-01
4.717047214508056641e-01
2.217135429382324219e-01
8.644288182258605957e-01
7.486630678176879883e-01
9.355165362358093262e-01
5.893419384956359863e-01
9.006935358047485352e-01
7.505674362182617188e-01
8.431510925292968750e-01
2.432913482189178467e-01
9.275733828544616699e-01
9.257439374923706055e-01
9.014441370964050293e-01
5.925622582435607910e-01
9.433329105377197266e-01
8.510498404502868652e-01
8.567219972610473633e-01
8.556805253028869629e-01
9.361296296119689941e-01
9.434768557548522949e-01
5.925622582435607910e-01
9.276574254035949707e-01
9.276574254035949707e-01
4.580431580543518066e-01
7.369912266731262207e-01
7.369911074638366699e-01
9.433329105377197266e-01
9.433329105377197266e-01
7.722222805023193359e-01
2.928940057754516602e-01
2.221033722162246704e-01
8.495861291885375977e-01
9.359117746353149414e-01
8.580948710441589355e-01
9.433202743530273438e-01
9.433329105377197266e-01
5.324066877365112305e-01
8.488473892211914062e-01
9.276574254035949707e-01
8.584352731704711914e-01
9.433329105377197266e-01
9.433329105377197266e-01
9.316039681434631348e-01
9.276574254035949707e-01
9.363991618156433105e-01
9.433329105377197266e-01
8.662747144699096680e-01
5.925622582435607910e-01
9.274888634681701660e-01
9.276574254035949707e-01
2.314681112766265869e-01
9.276574254035949707e-01
9.433202743530273438e-01
9.276574254035949707e-01
9.433329105377197266e-01
9.276574254035949707e-01
8.643736243247985840e-01
9.245891571044921875e-01
9.275733828544616699e-01
9.174672365188598633e-01
9.276574254035949707e-01
9.276574254035949707e-01
9.433202743530273438e-01
9.433202743530273438e-01
9.276574254035949707e-01
9.231096506118774414e-01
9.433329105377197266e-01
6.781576275825500488e-01
8.553311228752136230e-01
9.171342849731445312e-01
9.276574254035949707e-01
9.209994673728942871e-01
9.433074593544006348e-01
9.363167881965637207e-01
9.276574254035949707e-01
6.426345109939575195e-01
8.607860207557678223e-01
9.286847114562988281e-01
9.275733828544616699e-01
9.275733828544616699e-01
2.587110996246337891e-01
7.261836528778076172e-01
8.624315857887268066e-01
7.237863540649414062e-01
9.276574254035949707e-01
8.737467527389526367e-01
5.905919671058654785e-01
8.563759922981262207e-01
9.276574254035949707e-01
8.614474534988403320e-01
9.433329105377197266e-01
9.276574254035949707e-01
7.659947276115417480e-01
2.228679805994033813e-01
9.276574254035949707e-01
9.276574254035949707e-01
9.203405380249023438e-01
2.263826280832290649e-01
2.369151115417480469e-01
9.276574254035949707e-01
9.276574254035949707e-01
5.928295850753784180e-01
9.433329105377197266e-01
9.432945251464843750e-01
4.503830671310424805e-01
9.274888634681701660e-01
8.556805253028869629e-01
9.433074593544006348e-01
2.382261455059051514e-01
9.275733828544616699e-01
3.632297813892364502e-01
3.306389153003692627e-01
6.267515420913696289e-01
7.534922957420349121e-01
9.276574254035949707e-01
9.275733828544616699e-01
3.539904356002807617e-01
9.261263608932495117e-01
9.261336326599121094e-01
9.434768557548522949e-01
9.434768557548522949e-01
9.276574254035949707e-01
5.913072228431701660e-01
8.607860207557678223e-01
9.275733828544616699e-01
9.276574254035949707e-01
2.223582267761230469e-01
9.276574254035949707e-01
3.277122378349304199e-01
9.276574254035949707e-01
8.517747521400451660e-01
7.742467522621154785e-01
9.276574254035949707e-01
9.331859350204467773e-01
8.462238907814025879e-01
9.187912344932556152e-01
9.276574254035949707e-01
7.367427349090576172e-01
9.252526760101318359e-01
5.160205364227294922e-01
5.928255319595336914e-01
9.286471605300903320e-01
8.546288609504699707e-01
9.212660193443298340e-01
9.275733828544616699e-01
9.276574254035949707e-01
9.362276196479797363e-01
9.276574254035949707e-01
8.643736243247985840e-01
9.363666772842407227e-01
9.189096689224243164e-01
9.276574254035949707e-01
9.434768557548522949e-01
9.433202743530273438e-01
9.304053187370300293e-01
8.499538302421569824e-01
9.275733828544616699e-01
5.505242943763732910e-01
9.296939969062805176e-01
9.276574254035949707e-01
2.234285473823547363e-01
9.348366856575012207e-01
9.433202743530273438e-01
9.211211800575256348e-01
9.433329105377197266e-01
9.434768557548522949e-01
9.276574254035949707e-01
5.945311188697814941e-01
2.213264107704162598e-01
9.331856966018676758e-01
8.637303709983825684e-01
9.314552545547485352e-01
7.367427349090576172e-01
9.276574254035949707e-01
9.253704547882080078e-01
5.160905718803405762e-01
5.925622582435607910e-01
9.434768557548522949e-01
9.276574254035949707e-01
8.524951338768005371e-01
7.367206215858459473e-01
9.276574254035949707e-01
2.356245815753936768e-01
9.275733828544616699e-01
9.199948906898498535e-01
9.433202743530273438e-01
9.276574254035949707e-01
2.517478168010711670e-01
9.275733828544616699e-01
2.428167313337326050e-01
2.259019017219543457e-01
9.276574254035949707e-01
9.433329105377197266e-01
9.275733828544616699e-01
9.276574254035949707e-01
2.292344868183135986e-01
9.151227474212646484e-01
9.247720241546630859e-01
2.364897429943084717e-01
8.614474534988403320e-01
8.271375298500061035e-01
2.214021831750869751e-01
5.905919671058654785e-01
6.445859074592590332e-01
9.275733828544616699e-01
2.216334789991378784e-01
9.276574254035949707e-01
8.524951338768005371e-01
9.276574254035949707e-01
2.228624224662780762e-01
9.339951276779174805e-01
5.128524303436279297e-01
2.215611785650253296e-01
7.583403587341308594e-01
9.434768557548522949e-01
9.276574254035949707e-01
9.365391135215759277e-01
9.364959597587585449e-01
9.252238273620605469e-01
9.189621210098266602e-01
9.433329105377197266e-01
9.433329105377197266e-01
2.302251160144805908e-01
9.275733828544616699e-01
9.433202743530273438e-01
4.012545049190521240e-01
9.276574254035949707e-01
8.684448003768920898e-01
2.212337851524353027e-01
9.433329105377197266e-01
6.013235449790954590e-01
9.275733828544616699e-01
9.434768557548522949e-01
9.433329105377197266e-01
5.925622582435607910e-01
9.276574254035949707e-01
9.433074593544006348e-01
5.587800145149230957e-01
5.925622582435607910e-01
7.367426753044128418e-01
8.528535962104797363e-01
9.434768557548522949e-01
9.276574254035949707e-01
5.905919671058654785e-01
8.604536652565002441e-01
8.650116920471191406e-01
5.913072228431701660e-01
3.965286314487457275e-01
8.607860207557678223e-01
9.276574254035949707e-01
9.433329105377197266e-01
9.274888634681701660e-01
9.171893596649169922e-01
8.659604787826538086e-01
9.433329105377197266e-01
9.433202743530273438e-01
9.433329105377197266e-01
9.275733828544616699e-01
9.275733828544616699e-01
9.433202743530273438e-01
9.276574254035949707e-01
9.199453592300415039e-01
9.369004368782043457e-01
9.235247969627380371e-01
9.276574254035949707e-01
9.276574254035949707e-01
5.925663709640502930e-01
9.352506995201110840e-01
9.276574254035949707e-01
6.267091631889343262e-01
7.917837500572204590e-01
9.274888634681701660e-01
9.367517828941345215e-01
9.276574254035949707e-01
8.510498404502868652e-01
9.260891079902648926e-01
9.433074593544006348e-01
9.276574254035949707e-01
9.433329105377197266e-01
2.364222854375839233e-01
9.276574254035949707e-01
9.276574254035949707e-01
9.276574254035949707e-01
2.269706577062606812e-01
9.433329105377197266e-01
9.371256828308105469e-01
9.276574254035949707e-01
8.681378960609436035e-01
8.880026936531066895e-01
9.276574254035949707e-01
9.299334287643432617e-01
2.221844494342803955e-01
2.425788789987564087e-01
8.624315857887268066e-01
9.433329105377197266e-01
9.275733828544616699e-01
8.477305173873901367e-01
9.433329105377197266e-01
7.368597388267517090e-01
9.275733828544616699e-01
9.273528456687927246e-01
9.287265539169311523e-01
9.276574254035949707e-01
8.528535962104797363e-01
9.433329105377197266e-01
9.433202743530273438e-01
9.433329105377197266e-01
9.276574254035949707e-01
2.401681244373321533e-01
8.656452894210815430e-01
8.506856560707092285e-01
8.563759922981262207e-01
2.239586412906646729e-01
2.572127580642700195e-01
8.546288609504699707e-01
9.276574254035949707e-01
9.433329105377197266e-01
9.275733828544616699e-01
9.355788230895996094e-01
9.276574254035949707e-01
9.433329105377197266e-01
9.274888634681701660e-01
9.433329105377197266e-01
9.276574254035949707e-01
9.276574254035949707e-01
7.613527774810791016e-01
2.267705500125885010e-01
4.508889913558959961e-01
5.942673683166503906e-01
9.276574254035949707e-01
9.434768557548522949e-01
8.634072542190551758e-01
5.893378257751464844e-01
8.591127991676330566e-01
9.329024553298950195e-01
7.029422521591186523e-01
9.275733828544616699e-01
9.359003305435180664e-01
9.246919155120849609e-01
8.601202368736267090e-01
2.218901067972183228e-01
9.433329105377197266e-01
5.893378257751464844e-01
9.276574254035949707e-01
8.506856560707092285e-01
9.310083389282226562e-01
9.433329105377197266e-01
9.433329105377197266e-01
9.343467950820922852e-01
9.276574254035949707e-01
2.443932592868804932e-01
9.433329105377197266e-01
9.276574254035949707e-01
5.905919671058654785e-01
2.356167733669281006e-01
9.276574254035949707e-01
7.502750158309936523e-01
9.433074593544006348e-01
9.276574254035949707e-01
9.276574254035949707e-01
5.925622582435607910e-01
9.274888634681701660e-01
9.276574254035949707e-01
9.433329105377197266e-01
9.261342287063598633e-01
5.486343502998352051e-01
8.656452894210815430e-01
9.275024533271789551e-01
9.276574254035949707e-01
9.275733828544616699e-01
7.369912266731262207e-01
9.276574254035949707e-01
9.276574254035949707e-01
9.354465603828430176e-01
9.275733828544616699e-01
2.425896525382995605e-01
9.276574254035949707e-01
2.876341044902801514e-01
9.349814057350158691e-01
9.276574254035949707e-01
9.252709150314331055e-01
4.394915699958801270e-01
3.356933891773223877e-01
9.276574254035949707e-01
8.466024994850158691e-01
3.639950752258300781e-01
9.433329105377197266e-01
2.375594377517700195e-01
9.276574254035949707e-01
9.433329105377197266e-01
9.276574254035949707e-01
4.538110494613647461e-01
8.506856560707092285e-01
9.367358088493347168e-01
9.333375692367553711e-01
9.255042076110839844e-01
8.617764711380004883e-01
5.905960202217102051e-01
5.915735363960266113e-01
2.204827070236206055e-01
9.246919155120849609e-01
9.433329105377197266e-01
9.433329105377197266e-01
9.433329105377197266e-01
9.340627193450927734e-01
9.285797476768493652e-01
9.275733828544616699e-01
8.560287952423095703e-01
9.343841671943664551e-01
2.375200241804122925e-01
9.276574254035949707e-01
7.613515257835388184e-01
2.333522588014602661e-01
7.654958367347717285e-01
9.221270680427551270e-01
9.275733828544616699e-01
9.276574254035949707e-01
9.276935458183288574e-01
7.659947276115417480e-01
9.266637563705444336e-01
5.905919671058654785e-01
9.249213337898254395e-01
9.394621849060058594e-01
9.276574254035949707e-01
9.280449748039245605e-01
2.216667681932449341e-01
8.791955709457397461e-01
5.898550748825073242e-01
8.591127991676330566e-01
2.310172319412231445e-01
9.357665777206420898e-01
9.433329105377197266e-01
9.433329105377197266e-01
6.271467804908752441e-01
9.276574254035949707e-01
9.276574254035949707e-01
9.257462620735168457e-01
7.654958367347717285e-01
9.279525876045227051e-01
9.434768557548522949e-01
9.433329105377197266e-01
9.377542138099670410e-01
9.275733828544616699e-01
8.750901818275451660e-01
8.560287952423095703e-01
8.591127991676330566e-01
9.369276762008666992e-01
9.433202743530273438e-01
6.626990437507629395e-01
8.672109842300415039e-01
9.276574254035949707e-01
9.276574254035949707e-01
9.433329105377197266e-01
9.413484930992126465e-01
9.259276986122131348e-01
9.276574254035949707e-01
9.276574254035949707e-01
9.368592500686645508e-01
2.238233983516693115e-01
9.278327822685241699e-01
9.336388707160949707e-01
2.209312170743942261e-01
9.276574254035949707e-01
9.276574254035949707e-01
2.726896703243255615e-01
9.276574254035949707e-01
9.276574254035949707e-01
9.276574254035949707e-01
2.770492732524871826e-01
9.433329105377197266e-01
9.324250817298889160e-01
9.276574254035949707e-01
9.433329105377197266e-01
8.640524744987487793e-01
9.364894032478332520e-01
9.433202743530273438e-01
9.433329105377197266e-01
9.274888634681701660e-01
9.433329105377197266e-01
9.433329105377197266e-01
5.925622582435607910e-01
9.433329105377197266e-01
5.908534526824951172e-01
8.891556859016418457e-01
9.265683889389038086e-01
9.276574254035949707e-01
9.276574254035949707e-01
2.197034209966659546e-01
9.344610571861267090e-01
8.553311228752136230e-01
9.276574254035949707e-01
9.276574254035949707e-01
9.276574254035949707e-01
9.358220100402832031e-01
2.225649207830429077e-01
8.584352731704711914e-01
9.433329105377197266e-01
2.258070707321166992e-01
6.302624344825744629e-01
9.276574254035949707e-01
8.574107289314270020e-01
4.665870964527130127e-01
9.434768557548522949e-01
9.276574254035949707e-01
8.499538302421569824e-01
9.276766777038574219e-01
9.276574254035949707e-01
7.369691133499145508e-01
9.276574254035949707e-01
9.276574254035949707e-01
9.275733828544616699e-01
9.433329105377197266e-01
9.433329105377197266e-01
9.210773110389709473e-01
8.601202368736267090e-01
9.433329105377197266e-01
9.276574254035949707e-01
8.549805283546447754e-01
9.433329105377197266e-01
9.433329105377197266e-01
9.276574254035949707e-01
7.367427349090576172e-01
9.275733828544616699e-01
9.433329105377197266e-01
9.433329105377197266e-01
9.276574254035949707e-01
9.276574254035949707e-01
2.279345244169235229e-01
9.276288151741027832e-01
7.209644317626953125e-01
9.275733828544616699e-01
9.285009503364562988e-01
2.227863073348999023e-01
5.893378257751464844e-01
9.267211556434631348e-01
9.273117184638977051e-01
4.494509100914001465e-01
6.667488813400268555e-01
9.434768557548522949e-01
9.276574254035949707e-01
2.214032113552093506e-01
9.354493021965026855e-01
9.187912344932556152e-01
9.276574254035949707e-01
9.355841875076293945e-01
9.367465972900390625e-01
2.816001176834106445e-01
9.276574254035949707e-01
8.564010858535766602e-01
9.289817214012145996e-01
9.368729591369628906e-01
2.240347117185592651e-01
9.276574254035949707e-01
9.433329105377197266e-01
9.287624955177307129e-01
3.094984889030456543e-01
2.299331426620483398e-01
9.275733828544616699e-01
9.433329105377197266e-01
8.909343481063842773e-01
9.275733828544616699e-01
2.237796634435653687e-01
5.913072228431701660e-01
7.190259099006652832e-01
9.276574254035949707e-01
5.908534526824951172e-01
7.028573155403137207e-01
8.574107289314270020e-01
9.433329105377197266e-01
9.346545934677124023e-01
9.276574254035949707e-01
9.276574254035949707e-01
8.607860207557678223e-01
5.905919671058654785e-01
9.364045858383178711e-01
9.332101941108703613e-01
6.330994963645935059e-01
9.433202743530273438e-01
2.782406210899353027e-01
9.250922799110412598e-01
9.433329105377197266e-01
3.854394853115081787e-01
8.481039404869079590e-01
9.290078282356262207e-01
9.276574254035949707e-01
9.316067695617675781e-01
7.654958367347717285e-01
8.462238907814025879e-01
5.925622582435607910e-01
9.353181123733520508e-01
7.654958367347717285e-01
8.659604787826538086e-01
5.898550748825073242e-01
5.925622582435607910e-01
9.276574254035949707e-01
9.213427305221557617e-01
8.859257698059082031e-01
9.276574254035949707e-01
9.364012479782104492e-01
8.503202795982360840e-01
9.276574254035949707e-01
9.433329105377197266e-01
9.275733828544616699e-01
9.233048558235168457e-01
9.433329105377197266e-01
9.275733828544616699e-01
9.253854155540466309e-01
8.495861291885375977e-01
2.302584946155548096e-01
9.433329105377197266e-01
8.462238907814025879e-01
9.276574254035949707e-01
6.467872262001037598e-01
3.217822015285491943e-01
2.200028747320175171e-01
9.433329105377197266e-01
6.381466984748840332e-01
9.433329105377197266e-01
3.033470809459686279e-01
9.274888634681701660e-01
9.265313148498535156e-01
9.318727254867553711e-01
9.434768557548522949e-01
9.433074593544006348e-01
9.433329105377197266e-01
9.433329105377197266e-01
9.276574254035949707e-01
9.433329105377197266e-01
9.433329105377197266e-01
2.433214932680130005e-01
9.276574254035949707e-01
9.316073060035705566e-01
9.276574254035949707e-01
9.274992346763610840e-01
3.874733746051788330e-01
9.434768557548522949e-01
2.246463000774383545e-01
9.433329105377197266e-01
9.276574254035949707e-01
9.274040460586547852e-01
9.368791580200195312e-01
9.432945251464843750e-01
9.276574254035949707e-01
8.574107289314270020e-01
9.365411996841430664e-01
9.276574254035949707e-01
9.276574254035949707e-01
9.306858181953430176e-01
8.473559021949768066e-01
7.343995571136474609e-01
8.503202795982360840e-01
9.433202743530273438e-01
9.276574254035949707e-01
6.415398120880126953e-01
9.275733828544616699e-01
7.613447308540344238e-01
9.276574254035949707e-01
2.368739247322082520e-01
9.368001818656921387e-01
9.245461821556091309e-01
9.434768557548522949e-01
9.433329105377197266e-01
9.282655715942382812e-01
9.276574254035949707e-01
3.433029651641845703e-01
9.338733553886413574e-01
3.871152698993682861e-01
9.223334193229675293e-01
9.368840456008911133e-01
9.274888634681701660e-01
8.563759922981262207e-01
9.275733828544616699e-01
9.433202743530273438e-01
5.905919671058654785e-01
2.396178543567657471e-01
9.433329105377197266e-01
8.698533773422241211e-01
2.622506022453308105e-01
7.028852701187133789e-01
8.570669293403625488e-01
8.597857356071472168e-01
9.276574254035949707e-01
9.276574254035949707e-01
9.276574254035949707e-01
9.276574254035949707e-01
9.433329105377197266e-01
9.271044731140136719e-01
9.275733828544616699e-01
9.433329105377197266e-01
9.316067695617675781e-01
2.232653349637985229e-01
8.556805253028869629e-01
9.276574254035949707e-01
2.916689217090606689e-01
9.433202743530273438e-01
3.638274967670440674e-01
9.274040460586547852e-01
9.232602119445800781e-01
8.627578616142272949e-01
9.433329105377197266e-01
9.274888634681701660e-01
2.217620164155960083e-01
8.699638247489929199e-01
8.542760610580444336e-01
9.276574254035949707e-01
9.433329105377197266e-01
9.433329105377197266e-01
9.433202743530273438e-01
7.602254748344421387e-01
8.587746024131774902e-01
5.893378257751464844e-01
9.361053109169006348e-01
9.276574254035949707e-01
8.617764711380004883e-01
2.290994822978973389e-01
9.433074593544006348e-01
4.047046601772308350e-01
2.107365131378173828e-01
9.342536330223083496e-01
9.433329105377197266e-01
9.276574254035949707e-01
9.276574254035949707e-01
9.189434647560119629e-01
9.128544926643371582e-01
9.257439374923706055e-01
9.276574254035949707e-01
9.433329105377197266e-01
8.684448003768920898e-01
7.654958367347717285e-01
9.433074593544006348e-01
9.276574254035949707e-01
6.298664808273315430e-01
9.276574254035949707e-01
9.433202743530273438e-01
8.524951338768005371e-01
8.570669293403625488e-01
2.734526097774505615e-01
9.276574254035949707e-01
2.711520195007324219e-01
8.458440899848937988e-01
5.905919671058654785e-01
5.928255319595336914e-01
9.276574254035949707e-01
8.601202368736267090e-01
8.450808525085449219e-01
6.003037095069885254e-01
7.654958367347717285e-01
5.925622582435607910e-01
6.369370818138122559e-01
9.328634738922119141e-01
4.166024923324584961e-01
9.433329105377197266e-01
8.580948710441589355e-01
9.275733828544616699e-01
9.351488947868347168e-01
9.433329105377197266e-01
9.170083999633789062e-01
9.224867224693298340e-01
6.926607489585876465e-01
9.433329105377197266e-01
5.913072228431701660e-01
9.276574254035949707e-01
7.654958367347717285e-01
8.672109842300415039e-01
9.433329105377197266e-01
5.609625577926635742e-01
9.274888634681701660e-01
8.643736243247985840e-01
9.433329105377197266e-01
9.276574254035949707e-01
9.363514184951782227e-01
5.893378257751464844e-01
6.263540387153625488e-01
9.276574254035949707e-01
9.276574254035949707e-01
9.371626973152160645e-01
9.351699352264404297e-01
9.433329105377197266e-01
9.276574254035949707e-01
9.241698980331420898e-01
8.662747144699096680e-01
8.549805283546447754e-01
7.654958367347717285e-01
9.433329105377197266e-01
2.204112708568572998e-01
9.433329105377197266e-01
9.433329105377197266e-01
2.771784663200378418e-01
2.372012734413146973e-01
9.433329105377197266e-01
2.429622858762741089e-01
9.433202743530273438e-01
7.298462390899658203e-01
2.276850044727325439e-01
8.660317659378051758e-01
2.847498059272766113e-01
9.276574254035949707e-01
5.905919671058654785e-01
8.981918096542358398e-01
9.432945251464843750e-01
9.275733828544616699e-01
9.361703991889953613e-01
9.285306334495544434e-01
9.433329105377197266e-01
9.356403946876525879e-01
9.275733828544616699e-01
7.315924763679504395e-01
7.664960026741027832e-01
2.262576222419738770e-01
8.985986113548278809e-01
9.433329105377197266e-01
7.626703977584838867e-01
2.782326340675354004e-01
5.611988902091979980e-01
5.908534526824951172e-01
9.275733828544616699e-01
2.450306564569473267e-01
9.433329105377197266e-01
2.239800244569778442e-01
2.223079204559326172e-01
2.407846897840499878e-01
9.276574254035949707e-01
9.273502826690673828e-01
8.560287952423095703e-01
7.491233348846435547e-01
2.206272482872009277e-01
9.433329105377197266e-01
9.433329105377197266e-01
9.433202743530273438e-01
8.432450294494628906e-01
9.433329105377197266e-01
5.925622582435607910e-01
6.792539954185485840e-01
3.219462037086486816e-01
9.276574254035949707e-01
9.275733828544616699e-01
8.283736705780029297e-01
9.276574254035949707e-01
9.373171925544738770e-01
7.367206215858459473e-01
9.433329105377197266e-01
2.308879196643829346e-01
5.893378257751464844e-01
9.355996251106262207e-01
9.275733828544616699e-01
9.276574254035949707e-01
2.297034114599227905e-01
9.288666248321533203e-01
6.271074414253234863e-01
9.362736344337463379e-01
9.213666915893554688e-01
7.028678655624389648e-01
7.564409971237182617e-01
5.913072228431701660e-01
9.284155964851379395e-01
9.366376399993896484e-01
9.372834563255310059e-01
9.433074593544006348e-01
5.913072228431701660e-01
9.357182979583740234e-01
9.248671531677246094e-01
2.410876601934432983e-01
6.891667842864990234e-01
9.276574254035949707e-01
9.276574254035949707e-01
9.433329105377197266e-01
3.966704308986663818e-01
2.658805251121520996e-01
9.433329105377197266e-01
9.433202743530273438e-01
6.426345109939575195e-01
9.433202743530273438e-01
9.266411066055297852e-01
9.433329105377197266e-01
9.276574254035949707e-01
9.276574254035949707e-01
9.276574254035949707e-01
8.949366807937622070e-01
4.940589964389801025e-01
9.171810746192932129e-01
2.248869240283966064e-01
9.276574254035949707e-01
9.433329105377197266e-01
9.276574254035949707e-01
9.253854155540466309e-01
9.433329105377197266e-01
6.465350985527038574e-01
4.960862100124359131e-01
6.263111233711242676e-01
8.624315857887268066e-01
8.454630374908447266e-01
9.276574254035949707e-01
9.276574254035949707e-01
9.432945251464843750e-01
2.265277504920959473e-01
9.276574254035949707e-01
9.276574254035949707e-01
9.433329105377197266e-01
5.905919671058654785e-01
9.276574254035949707e-01
9.275733828544616699e-01
9.295774698257446289e-01
2.228765487670898438e-01
9.252259135246276855e-01
9.276574254035949707e-01
9.276574254035949707e-01
2.214188724756240845e-01
9.276574254035949707e-01
8.488473892211914062e-01
2.881084680557250977e-01
9.367293715476989746e-01
9.351062774658203125e-01
9.433202743530273438e-01
9.275733828544616699e-01
9.274888634681701660e-01
9.276574254035949707e-01
4.668335914611816406e-01
5.908534526824951172e-01
7.659947276115417480e-01
9.434768557548522949e-01
9.434768557548522949e-01
2.830177545547485352e-01
9.276574254035949707e-01
9.276574254035949707e-01
8.646934032440185547e-01
9.276574254035949707e-01
9.276574254035949707e-01
5.938210487365722656e-01
9.433329105377197266e-01
8.499538302421569824e-01
8.473559021949768066e-01
9.353834986686706543e-01
2.214876860380172729e-01
9.434768557548522949e-01
9.276574254035949707e-01
9.433202743530273438e-01
9.276574254035949707e-01
5.223277211189270020e-01
9.433329105377197266e-01
6.111508011817932129e-01
9.276574254035949707e-01
9.433329105377197266e-01
9.433329105377197266e-01
9.374999403953552246e-01
9.275733828544616699e-01
9.433329105377197266e-01
2.853166162967681885e-01
2.217649817466735840e-01
9.276574254035949707e-01
7.746494412422180176e-01
9.275733828544616699e-01
