9.338645339012145996e-01
9.479072690010070801e-01
8.716414570808410645e-01
9.479072690010070801e-01
9.479072690010070801e-01
8.689761757850646973e-01
5.272060632705688477e-01
9.343231320381164551e-01
9.226340055465698242e-01
8.761270046234130859e-01
8.587044477462768555e-01
7.042052149772644043e-01
9.349198341369628906e-01
5.215248465538024902e-01
9.350012540817260742e-01
9.087562561035156250e-01
5.738506913185119629e-01
9.328969120979309082e-01
9.187164902687072754e-01
9.479072690010070801e-01
9.479072690010070801e-01
9.350821375846862793e-01
9.479072690010070801e-01
5.287647843360900879e-01
9.479072690010070801e-01
7.472206354141235352e-01
9.329037666320800781e-01
9.478976130485534668e-01
9.350836873054504395e-01
9.350821375846862793e-01
9.479072690010070801e-01
8.682979941368103027e-01
9.301912188529968262e-01
9.478878378868103027e-01
9.329047203063964844e-01
1.787519603967666626e-01
1.791245937347412109e-01
9.350012540817260742e-01
9.245752692222595215e-01
8.662390708923339844e-01
8.641431331634521484e-01
9.479072690010070801e-01
1.854928582906723022e-01
9.350821375846862793e-01
8.620018362998962402e-01
9.350821375846862793e-01
9.076756834983825684e-01
9.244714975357055664e-01
8.020227551460266113e-01
5.113579034805297852e-01
9.350821375846862793e-01
9.479580521583557129e-01
9.191816449165344238e-01
9.350821375846862793e-01
8.609135150909423828e-01
9.350012540817260742e-01
9.350821375846862793e-01
9.337002635002136230e-01
5.758578777313232422e-01
5.586775541305541992e-01
2.205901592969894409e-01
9.350821375846862793e-01
8.609135150909423828e-01
8.726217150688171387e-01
9.479072690010070801e-01
5.563204288482666016e-01
9.350821375846862793e-01
5.287647843360900879e-01
9.479072690010070801e-01
9.348309636116027832e-01
9.350821375846862793e-01
8.490121364593505859e-01
6.957893371582031250e-01
9.478976130485534668e-01
1.816518902778625488e-01
9.350821375846862793e-01
9.335659146308898926e-01
9.479072690010070801e-01
9.336878657341003418e-01
8.662390708923339844e-01
9.203969240188598633e-01
8.732694387435913086e-01
9.479072690010070801e-01
7.299255132675170898e-01
9.349198341369628906e-01
7.474808096885681152e-01
9.348609447479248047e-01
9.354131817817687988e-01
7.293138504028320312e-01
9.350821375846862793e-01
8.510162234306335449e-01
9.479072690010070801e-01
1.792430877685546875e-01
9.478976130485534668e-01
3.085358738899230957e-01
9.325236082077026367e-01
7.161198258399963379e-01
9.479580521583557129e-01
9.350821375846862793e-01
9.200469851493835449e-01
9.139420986175537109e-01
7.518030405044555664e-01
9.350821375846862793e-01
9.350821375846862793e-01
9.146881103515625000e-01
5.636783242225646973e-01
9.239895343780517578e-01
9.350821375846862793e-01
9.337558150291442871e-01
9.479072690010070801e-01
9.350012540817260742e-01
9.479072690010070801e-01
9.346726536750793457e-01
9.204636216163635254e-01
9.348379969596862793e-01
7.079551815986633301e-01
8.693134188652038574e-01
9.330438971519470215e-01
9.348379969596862793e-01
9.350821375846862793e-01
1.773064881563186646e-01
9.479072690010070801e-01
9.350012540817260742e-01
7.474434375762939453e-01
9.156783223152160645e-01
9.479072690010070801e-01
6.629592180252075195e-01
1.819788664579391479e-01
3.357862830162048340e-01
9.350012540817260742e-01
4.962197840213775635e-01
9.350527524948120117e-01
7.090739011764526367e-01
9.350821375846862793e-01
9.350821375846862793e-01
5.265296101570129395e-01
9.264858365058898926e-01
9.350821375846862793e-01
9.340406060218811035e-01
9.479072690010070801e-01
9.350821375846862793e-01
9.478878378868103027e-01
2.278322279453277588e-01
9.350111484527587891e-01
9.317342042922973633e-01
9.221066832542419434e-01
9.479072690010070801e-01
9.350821375846862793e-01
9.344701766967773438e-01
7.293138504028320312e-01
9.350821375846862793e-01
7.159843444824218750e-01
9.350821375846862793e-01
9.479580521583557129e-01
9.479580521583557129e-01
7.293138504028320312e-01
9.242942929267883301e-01
9.350821375846862793e-01
9.350821375846862793e-01
7.160052657127380371e-01
2.352628260850906372e-01
5.273699760437011719e-01
7.293177843093872070e-01
9.353955984115600586e-01
9.350821375846862793e-01
9.479072690010070801e-01
9.350012540817260742e-01
9.333065152168273926e-01
9.206369519233703613e-01
9.350012540817260742e-01
5.291116237640380859e-01
9.479580521583557129e-01
1.782670170068740845e-01
9.350821375846862793e-01
5.336693525314331055e-01
9.479072690010070801e-01
8.716414570808410645e-01
9.350012540817260742e-01
9.087571501731872559e-01
9.350821375846862793e-01
5.848586559295654297e-01
7.293138504028320312e-01
9.358255267143249512e-01
1.791425347328186035e-01
9.333386421203613281e-01
7.812516093254089355e-01
9.349493980407714844e-01
9.479072690010070801e-01
9.479072690010070801e-01
9.254915118217468262e-01
9.350821375846862793e-01
8.665845990180969238e-01
9.351231455802917480e-01
9.200996160507202148e-01
8.579588532447814941e-01
8.699844479560852051e-01
9.479072690010070801e-01
9.349198341369628906e-01
9.229514598846435547e-01
9.479072690010070801e-01
9.350821375846862793e-01
1.850771158933639526e-01
8.699844479560852051e-01
9.479072690010070801e-01
9.479072690010070801e-01
9.346450567245483398e-01
9.479072690010070801e-01
8.549253344535827637e-01
9.322729706764221191e-01
9.478878378868103027e-01
8.719693422317504883e-01
7.159959077835083008e-01
9.479580521583557129e-01
9.324855804443359375e-01
8.179320693016052246e-01
3.855802416801452637e-01
2.040006071329116821e-01
9.350821375846862793e-01
2.447884231805801392e-01
9.479072690010070801e-01
5.565929412841796875e-01
9.350821375846862793e-01
9.478976130485534668e-01
9.309304356575012207e-01
9.350821375846862793e-01
8.745501637458801270e-01
2.737173736095428467e-01
9.350012540817260742e-01
1.789275258779525757e-01
9.271993041038513184e-01
1.795280724763870239e-01
9.341380000114440918e-01
7.299255132675170898e-01
9.479072690010070801e-01
9.350821375846862793e-01
9.479072690010070801e-01
8.587044477462768555e-01
9.325744509696960449e-01
9.349392652511596680e-01
9.350821375846862793e-01
9.218927621841430664e-01
9.350821375846862793e-01
9.162539839744567871e-01
9.479072690010070801e-01
9.350012540817260742e-01
8.630787134170532227e-01
5.565934181213378906e-01
9.478976130485534668e-01
1.781797558069229126e-01
9.350821375846862793e-01
9.350821375846862793e-01
9.479072690010070801e-01
9.479072690010070801e-01
9.214904308319091797e-01
9.350821375846862793e-01
9.479072690010070801e-01
9.479580521583557129e-01
9.348379969596862793e-01
9.351664185523986816e-01
9.479072690010070801e-01
7.175644040107727051e-01
9.479072690010070801e-01
5.581973195075988770e-01
9.479072690010070801e-01
9.225115776062011719e-01
9.350821375846862793e-01
9.170917868614196777e-01
9.350821375846862793e-01
9.478567242622375488e-01
9.211742281913757324e-01
9.479072690010070801e-01
9.359387755393981934e-01
1.884533613920211792e-01
8.545402288436889648e-01
9.251320362091064453e-01
9.239906668663024902e-01
8.703181743621826172e-01
9.341824054718017578e-01
1.805564612150192261e-01
5.265296101570129395e-01
9.334693551063537598e-01
1.766751259565353394e-01
1.834665238857269287e-01
9.479580521583557129e-01
9.479580521583557129e-01
1.923076212406158447e-01
9.350012540817260742e-01
9.478878378868103027e-01
8.594452738761901855e-01
9.350821375846862793e-01
9.328066110610961914e-01
1.845348030328750610e-01
9.350821375846862793e-01
7.305399179458618164e-01
9.350821375846862793e-01
7.474809288978576660e-01
9.479072690010070801e-01
9.243660569190979004e-01
2.483352869749069214e-01
2.085664421319961548e-01
4.302830994129180908e-01
5.991661548614501953e-01
7.160003185272216797e-01
9.350821375846862793e-01
8.709821701049804688e-01
9.100608825683593750e-01
7.079551815986633301e-01
9.350821375846862793e-01
9.479072690010070801e-01
9.478778839111328125e-01
8.767470121383666992e-01
9.211581945419311523e-01
9.350821375846862793e-01
7.474809288978576660e-01
9.177470803260803223e-01
9.350821375846862793e-01
9.350821375846862793e-01
5.268684029579162598e-01
1.831043362617492676e-01
9.125846028327941895e-01
9.350012540817260742e-01
9.207519292831420898e-01
8.641431331634521484e-01
9.479072690010070801e-01
2.428363114595413208e-01
5.268684029579162598e-01
3.062047958374023438e-01
9.350821375846862793e-01
9.479580521583557129e-01
8.587044477462768555e-01
9.127726554870605469e-01
9.341561198234558105e-01
9.479072690010070801e-01
9.181011319160461426e-01
9.350012540817260742e-01
6.466667056083679199e-01
2.100508511066436768e-01
9.479580521583557129e-01
6.433832645416259766e-01
5.272060632705688477e-01
9.350821375846862793e-01
1.843722313642501831e-01
9.479072690010070801e-01
9.355581998825073242e-01
3.728922307491302490e-01
9.134716391563415527e-01
1.793985962867736816e-01
9.478976130485534668e-01
5.563204288482666016e-01
9.350821375846862793e-01
9.350012540817260742e-01
9.244848489761352539e-01
9.350821375846862793e-01
9.350821375846862793e-01
8.609135150909423828e-01
9.350821375846862793e-01
9.479072690010070801e-01
9.345497488975524902e-01
9.479072690010070801e-01
9.209006428718566895e-01
5.265296101570129395e-01
9.478976130485534668e-01
9.273222088813781738e-01
8.623621463775634766e-01
9.349198341369628906e-01
9.479072690010070801e-01
9.350012540817260742e-01
9.338539838790893555e-01
2.656723856925964355e-01
2.075133472681045532e-01
9.479072690010070801e-01
5.586727857589721680e-01
4.568355083465576172e-01
9.266902208328247070e-01
9.350012540817260742e-01
8.662390708923339844e-01
9.479072690010070801e-01
2.979957163333892822e-01
9.290381669998168945e-01
7.159945368766784668e-01
9.260105490684509277e-01
9.350821375846862793e-01
9.479072690010070801e-01
9.348996877670288086e-01
9.349198341369628906e-01
9.315373897552490234e-01
9.230160713195800781e-01
8.634347915649414062e-01
9.479072690010070801e-01
9.479072690010070801e-01
7.076733112335205078e-01
8.261770009994506836e-01
9.186929464340209961e-01
8.754984140396118164e-01
8.785535693168640137e-01
9.348920583724975586e-01
8.709821701049804688e-01
9.350012540817260742e-01
5.268684029579162598e-01
5.287647843360900879e-01
7.084264159202575684e-01
9.479072690010070801e-01
8.699844479560852051e-01
1.819103807210922241e-01
9.478878378868103027e-01
9.479072690010070801e-01
9.479072690010070801e-01
7.293138504028320312e-01
7.471831440925598145e-01
8.650995492935180664e-01
9.352107644081115723e-01
1.951646655797958374e-01
5.268684029579162598e-01
9.479072690010070801e-01
9.350821375846862793e-01
7.521140575408935547e-01
9.350821375846862793e-01
8.776718378067016602e-01
5.268684029579162598e-01
9.350821375846862793e-01
5.287695527076721191e-01
9.479072690010070801e-01
5.287695527076721191e-01
8.719693422317504883e-01
9.194630980491638184e-01
9.479072690010070801e-01
9.479072690010070801e-01
3.779140114784240723e-01
9.339725375175476074e-01
9.350012540817260742e-01
9.341264367103576660e-01
5.273699760437011719e-01
9.114441871643066406e-01
9.479072690010070801e-01
1.791550219058990479e-01
8.545402288436889648e-01
9.350821375846862793e-01
1.766179949045181274e-01
1.801841706037521362e-01
9.479072690010070801e-01
9.479580521583557129e-01
7.299255132675170898e-01
9.347307682037353516e-01
9.349491596221923828e-01
9.350821375846862793e-01
2.157655060291290283e-01
9.311392307281494141e-01
9.478878378868103027e-01
8.655452728271484375e-01
9.479072690010070801e-01
9.479072690010070801e-01
9.479072690010070801e-01
9.350821375846862793e-01
9.350821375846862793e-01
9.259281754493713379e-01
9.479072690010070801e-01
9.479072690010070801e-01
9.479580521583557129e-01
9.350821375846862793e-01
8.669293522834777832e-01
7.030554413795471191e-01
9.350869655609130859e-01
1.781762689352035522e-01
9.333376884460449219e-01
9.360176920890808105e-01
9.329944849014282227e-01
4.731888473033905029e-01
9.125298261642456055e-01
1.746477484703063965e-01
9.479072690010070801e-01
9.479580521583557129e-01
2.076747864484786987e-01
9.479072690010070801e-01
9.350012540817260742e-01
9.226423501968383789e-01
8.713123798370361328e-01
9.350625872611999512e-01
9.350821375846862793e-01
1.798057258129119873e-01
9.241796731948852539e-01
7.293138504028320312e-01
9.143463373184204102e-01
9.298499226570129395e-01
9.350821375846862793e-01
9.353095889091491699e-01
9.479072690010070801e-01
9.206874966621398926e-01
9.479072690010070801e-01
8.583323359489440918e-01
9.478976130485534668e-01
4.930498003959655762e-01
9.479072690010070801e-01
9.350012540817260742e-01
9.255940318107604980e-01
9.341229200363159180e-01
9.350821375846862793e-01
9.478778839111328125e-01
9.479072690010070801e-01
1.902278810739517212e-01
9.220728874206542969e-01
8.590752482414245605e-01
7.446017265319824219e-01
7.472206354141235352e-01
9.252203702926635742e-01
1.907978653907775879e-01
9.479072690010070801e-01
1.784956306219100952e-01
9.340174198150634766e-01
9.202024936676025391e-01
8.299412131309509277e-01
7.472205758094787598e-01
8.170076608657836914e-01
9.350012540817260742e-01
1.785452067852020264e-01
8.498177528381347656e-01
5.265296101570129395e-01
9.350821375846862793e-01
9.350012540817260742e-01
9.246546030044555664e-01
9.479580521583557129e-01
9.230179190635681152e-01
9.478976130485534668e-01
9.321594834327697754e-01
9.327869415283203125e-01
9.479072690010070801e-01
2.722703516483306885e-01
9.337517619132995605e-01
9.350821375846862793e-01
1.797032654285430908e-01
9.349198341369628906e-01
9.479072690010070801e-01
8.672728538513183594e-01
9.350821375846862793e-01
5.273699760437011719e-01
9.349198341369628906e-01
3.918546140193939209e-01
1.906251907348632812e-01
9.479072690010070801e-01
8.651965260505676270e-01
8.658927679061889648e-01
9.350821375846862793e-01
9.479072690010070801e-01
8.605482578277587891e-01
9.479072690010070801e-01
7.293177843093872070e-01
2.156265377998352051e-01
9.350821375846862793e-01
9.350821375846862793e-01
1.816351264715194702e-01
9.350821375846862793e-01
9.479072690010070801e-01
9.345831274986267090e-01
5.287647843360900879e-01
5.287647843360900879e-01
9.479072690010070801e-01
1.917986273765563965e-01
9.350012540817260742e-01
9.296276569366455078e-01
2.122015655040740967e-01
6.265096664428710938e-01
5.273699760437011719e-01
8.716414570808410645e-01
9.479072690010070801e-01
9.479072690010070801e-01
9.350821375846862793e-01
9.350821375846862793e-01
1.759128272533416748e-01
9.350012540817260742e-01
9.350012540817260742e-01
1.957834064960479736e-01
9.479072690010070801e-01
9.479072690010070801e-01
9.479072690010070801e-01
8.703181743621826172e-01
9.143434166908264160e-01
9.479072690010070801e-01
9.479072690010070801e-01
9.343664646148681641e-01
9.322105646133422852e-01
9.350821375846862793e-01
9.479072690010070801e-01
9.479072690010070801e-01
1.831341087818145752e-01
9.479072690010070801e-01
8.641431331634521484e-01
9.350821375846862793e-01
8.630787134170532227e-01
9.196228384971618652e-01
8.560726642608642578e-01
9.479580521583557129e-01
9.479580521583557129e-01
8.605483174324035645e-01
5.265296101570129395e-01
9.479072690010070801e-01
8.696495294570922852e-01
8.696495294570922852e-01
4.605526328086853027e-01
9.350821375846862793e-01
9.350821375846862793e-01
9.348379969596862793e-01
9.479072690010070801e-01
5.265343785285949707e-01
5.275472402572631836e-01
9.350821375846862793e-01
8.627210855484008789e-01
9.350821375846862793e-01
9.478976130485534668e-01
9.350012540817260742e-01
9.129933714866638184e-01
8.729461431503295898e-01
3.102271556854248047e-01
7.086037993431091309e-01
9.350821375846862793e-01
9.478976130485534668e-01
8.722960948944091797e-01
5.857403278350830078e-01
9.350821375846862793e-01
9.350821375846862793e-01
9.215273857116699219e-01
8.644955158233642578e-01
9.176430106163024902e-01
9.479072690010070801e-01
9.479072690010070801e-01
1.810704916715621948e-01
1.895318627357482910e-01
9.349198341369628906e-01
9.347857236862182617e-01
9.252514839172363281e-01
5.563204288482666016e-01
7.331141233444213867e-01
9.222522377967834473e-01
7.068409919738769531e-01
8.713123798370361328e-01
8.609135150909423828e-01
9.350821375846862793e-01
5.313896536827087402e-01
9.478976130485534668e-01
8.533773422241210938e-01
9.478976130485534668e-01
7.299255132675170898e-01
1.775327920913696289e-01
8.672728538513183594e-01
9.479580521583557129e-01
9.361773133277893066e-01
9.354943037033081055e-01
9.350821375846862793e-01
9.156439304351806641e-01
8.575841784477233887e-01
1.973752528429031372e-01
9.349198341369628906e-01
9.330671429634094238e-01
8.716414570808410645e-01
1.780507415533065796e-01
9.354716539382934570e-01
4.960712790489196777e-01
9.350012540817260742e-01
9.479072690010070801e-01
8.739123344421386719e-01
9.350012540817260742e-01
9.478976130485534668e-01
5.251361727714538574e-01
9.479500651359558105e-01
9.479072690010070801e-01
9.478878378868103027e-01
9.349198341369628906e-01
9.251468777656555176e-01
2.010984718799591064e-01
9.479072690010070801e-01
9.350012540817260742e-01
9.308987855911254883e-01
9.264281392097473145e-01
9.350012540817260742e-01
9.350821375846862793e-01
5.633695125579833984e-01
7.104739546775817871e-01
2.400713413953781128e-01
9.479072690010070801e-01
9.350821375846862793e-01
8.568309545516967773e-01
9.280257225036621094e-01
8.620018362998962402e-01
1.947271972894668579e-01
8.665845990180969238e-01
3.033052980899810791e-01
1.982607990503311157e-01
1.815113723278045654e-01
8.155059218406677246e-01
9.350821375846862793e-01
9.479072690010070801e-01
1.796245574951171875e-01
9.350821375846862793e-01
1.795685738325119019e-01
9.335867762565612793e-01
9.350821375846862793e-01
5.268684029579162598e-01
1.886558681726455688e-01
1.805205345153808594e-01
5.320515036582946777e-01
5.251361727714538574e-01
8.616403341293334961e-01
1.906679570674896240e-01
8.693134188652038574e-01
9.143886566162109375e-01
9.478878378868103027e-01
1.826163381338119507e-01
1.778340637683868408e-01
8.568309545516967773e-01
8.658927679061889648e-01
7.472206354141235352e-01
9.479072690010070801e-01
9.344651103019714355e-01
9.269366264343261719e-01
9.350821375846862793e-01
5.852985382080078125e-01
7.909898757934570312e-01
5.584935545921325684e-01
8.533773422241210938e-01
9.350821375846862793e-01
9.350821375846862793e-01
9.117580056190490723e-01
9.145987033843994141e-01
8.726217150688171387e-01
3.400667309761047363e-01
9.293074607849121094e-01
9.351941943168640137e-01
7.160089612007141113e-01
8.623621463775634766e-01
9.478976130485534668e-01
9.350821375846862793e-01
9.344354271888732910e-01
8.788895010948181152e-01
9.241949915885925293e-01
2.065824121236801147e-01
8.679570555686950684e-01
9.479072690010070801e-01
9.479072690010070801e-01
9.353519678115844727e-01
9.350821375846862793e-01
9.323183298110961914e-01
8.630787134170532227e-01
4.931701719760894775e-01
7.293177843093872070e-01
7.796520590782165527e-01
9.350821375846862793e-01
7.474434375762939453e-01
9.240742921829223633e-01
9.350821375846862793e-01
8.601818084716796875e-01
9.350821375846862793e-01
9.350821375846862793e-01
9.350821375846862793e-01
9.350821375846862793e-01
9.479072690010070801e-01
9.248627424240112305e-01
7.478339672088623047e-01
7.482854723930358887e-01
9.479580521583557129e-01
7.049466371536254883e-01
9.330006837844848633e-01
9.478878378868103027e-01
8.689761757850646973e-01
1.779795438051223755e-01
5.268684029579162598e-01
9.350821375846862793e-01
9.173217415809631348e-01
9.350821375846862793e-01
9.350012540817260742e-01
9.479072690010070801e-01
9.218083620071411133e-01
8.541538715362548828e-01
9.350821375846862793e-01
9.247676730155944824e-01
9.479072690010070801e-01
9.479072690010070801e-01
9.478778839111328125e-01
2.406218945980072021e-01
9.350821375846862793e-01
9.196235537528991699e-01
9.350821375846862793e-01
8.529871106147766113e-01
1.833469867706298828e-01
9.479072690010070801e-01
8.679570555686950684e-01
9.479072690010070801e-01
5.542548298835754395e-01
9.479072690010070801e-01
9.335154294967651367e-01
9.254482388496398926e-01
9.246855378150939941e-01
9.350821375846862793e-01
7.474809288978576660e-01
9.350821375846862793e-01
9.243179559707641602e-01
9.216533303260803223e-01
8.644955158233642578e-01
9.350012540817260742e-01
8.634347915649414062e-01
9.323244690895080566e-01
9.219492673873901367e-01
1.790771931409835815e-01
9.350012540817260742e-01
9.350012540817260742e-01
9.366533756256103516e-01
9.353236556053161621e-01
9.479072690010070801e-01
9.325054883956909180e-01
9.350012540817260742e-01
9.479072690010070801e-01
5.265343785285949707e-01
9.350012540817260742e-01
9.198166131973266602e-01
9.479072690010070801e-01
2.162691205739974976e-01
9.350821375846862793e-01
9.478976130485534668e-01
8.748673796653747559e-01
9.350821375846862793e-01
8.605483174324035645e-01
7.981067895889282227e-01
1.859827190637588501e-01
9.230121970176696777e-01
9.350012540817260742e-01
9.350821375846862793e-01
8.545402288436889648e-01
2.514676451683044434e-01
9.479072690010070801e-01
9.259921312332153320e-01
9.350821375846862793e-01
8.713123798370361328e-01
5.943695306777954102e-01
5.251361727714538574e-01
9.334981441497802734e-01
8.703181743621826172e-01
7.474434375762939453e-01
9.324408769607543945e-01
2.140459120273590088e-01
8.529871106147766113e-01
9.350821375846862793e-01
8.579588532447814941e-01
8.665845990180969238e-01
9.478976130485534668e-01
9.170838594436645508e-01
8.686376810073852539e-01
9.316292405128479004e-01
9.154272675514221191e-01
9.479072690010070801e-01
9.183744192123413086e-01
5.591475367546081543e-01
5.251361727714538574e-01
9.331251382827758789e-01
8.682979941368103027e-01
9.350821375846862793e-01
9.350821375846862793e-01
9.479072690010070801e-01
9.479072690010070801e-01
9.200996160507202148e-01
9.350821375846862793e-01
9.478778839111328125e-01
9.350821375846862793e-01
7.293138504028320312e-01
8.627210855484008789e-01
9.479072690010070801e-01
5.320515036582946777e-01
9.350821375846862793e-01
9.314764142036437988e-01
2.177583277225494385e-01
9.350821375846862793e-01
9.350821375846862793e-01
9.350821375846862793e-01
9.330710768699645996e-01
6.887296438217163086e-01
9.479072690010070801e-01
9.350821375846862793e-01
1.777098774909973145e-01
1.861848980188369751e-01
5.627006292343139648e-01
9.479580521583557129e-01
8.726217150688171387e-01
9.350821375846862793e-01
9.324703216552734375e-01
8.612775206565856934e-01
9.350821375846862793e-01
9.350821375846862793e-01
5.273748040199279785e-01
9.479072690010070801e-01
2.189486622810363770e-01
9.350012540817260742e-01
9.350821375846862793e-01
9.149658083915710449e-01
9.282109737396240234e-01
9.345058202743530273e-01
9.479072690010070801e-01
9.479072690010070801e-01
9.479072690010070801e-01
5.556532740592956543e-01
9.479072690010070801e-01
8.529871106147766113e-01
9.350821375846862793e-01
9.350821375846862793e-01
9.350012540817260742e-01
6.685996055603027344e-01
9.350821375846862793e-01
9.350821375846862793e-01
9.350821375846862793e-01
1.833493560552597046e-01
7.381309866905212402e-01
1.763277351856231689e-01
9.478976130485534668e-01
9.353623390197753906e-01
9.479072690010070801e-01
9.350821375846862793e-01
9.160208106040954590e-01
9.479072690010070801e-01
9.327815771102905273e-01
9.479072690010070801e-01
1.772956997156143188e-01
1.779198795557022095e-01
9.479072690010070801e-01
1.782919317483901978e-01
1.787977218627929688e-01
6.494633555412292480e-01
1.764913797378540039e-01
5.280492901802062988e-01
9.478976130485534668e-01
9.479072690010070801e-01
9.479580521583557129e-01
8.568309545516967773e-01
5.265343785285949707e-01
9.250678420066833496e-01
9.350821375846862793e-01
5.254726409912109375e-01
9.349198341369628906e-01
9.332860708236694336e-01
9.479072690010070801e-01
5.268684029579162598e-01
9.244129061698913574e-01
9.479072690010070801e-01
9.350821375846862793e-01
1.880977004766464233e-01
8.696495294570922852e-01
8.682979941368103027e-01
9.479072690010070801e-01
5.632892251014709473e-01
2.833081781864166260e-01
8.601818084716796875e-01
8.609135150909423828e-01
9.350821375846862793e-01
8.658927679061889648e-01
9.479072690010070801e-01
9.350821375846862793e-01
9.141724109649658203e-01
8.620018362998962402e-01
4.766246080398559570e-01
2.764763534069061279e-01
9.479072690010070801e-01
9.479072690010070801e-01
9.356465935707092285e-01
9.350821375846862793e-01
5.268732309341430664e-01
9.479072690010070801e-01
9.479072690010070801e-01
9.344078302383422852e-01
9.479072690010070801e-01
9.479072690010070801e-01
9.350900053977966309e-01
4.025897681713104248e-01
9.356226325035095215e-01
9.261500835418701172e-01
9.237786531448364258e-01
9.478976130485534668e-01
8.623621463775634766e-01
8.699844479560852051e-01
9.350821375846862793e-01
9.479072690010070801e-01
1.705925166606903076e-01
9.349198341369628906e-01
9.350012540817260742e-01
8.616403341293334961e-01
9.320673346519470215e-01
9.479072690010070801e-01
7.068368196487426758e-01
9.244721531867980957e-01
7.293138504028320312e-01
1.792356967926025391e-01
9.258559346199035645e-01
5.273699760437011719e-01
9.226378202438354492e-01
1.920012533664703369e-01
9.343664646148681641e-01
9.347572326660156250e-01
8.634347915649414062e-01
9.350821375846862793e-01
9.133617877960205078e-01
9.479580521583557129e-01
5.874961614608764648e-01
9.350012540817260742e-01
9.323144555091857910e-01
9.350012540817260742e-01
9.163245558738708496e-01
9.350821375846862793e-01
9.479072690010070801e-01
9.151770472526550293e-01
9.479072690010070801e-01
9.479072690010070801e-01
9.350821375846862793e-01
9.256651997566223145e-01
9.479072690010070801e-01
4.434590935707092285e-01
1.803714334964752197e-01
9.224627614021301270e-01
9.478976130485534668e-01
9.354846477508544922e-01
1.808537691831588745e-01
8.669293522834777832e-01
1.971890330314636230e-01
9.479072690010070801e-01
9.350821375846862793e-01
9.479072690010070801e-01
9.259151220321655273e-01
9.350821375846862793e-01
9.350012540817260742e-01
9.162793159484863281e-01
9.350821375846862793e-01
9.350821375846862793e-01
9.479072690010070801e-01
7.044698596000671387e-01
9.350821375846862793e-01
1.784004122018814087e-01
6.668081879615783691e-01
8.623621463775634766e-01
9.350821375846862793e-01
7.040009498596191406e-01
9.350012540817260742e-01
9.350821375846862793e-01
8.727278709411621094e-01
8.682979941368103027e-01
9.249919056892395020e-01
1.893118470907211304e-01
9.326279759407043457e-01
8.689761757850646973e-01
9.345154166221618652e-01
8.732694387435913086e-01
9.241574406623840332e-01
8.732694387435913086e-01
8.719693422317504883e-01
9.479072690010070801e-01
9.478878378868103027e-01
9.036461114883422852e-01
8.651965260505676270e-01
3.876397013664245605e-01
1.772707402706146240e-01
8.493744134902954102e-01
7.006649971008300781e-01
9.335280060768127441e-01
5.251409411430358887e-01
8.901684284210205078e-01
7.044698596000671387e-01
8.502185344696044922e-01
1.933570802211761475e-01
9.350012540817260742e-01
9.241601228713989258e-01
8.928107619285583496e-01
5.287647843360900879e-01
9.479072690010070801e-01
8.583323359489440918e-01
8.641431331634521484e-01
8.630787134170532227e-01
9.342530369758605957e-01
9.479580521583557129e-01
5.287647843360900879e-01
9.350821375846862793e-01
9.350821375846862793e-01
4.010579586029052734e-01
7.474809288978576660e-01
7.474808096885681152e-01
9.479072690010070801e-01
9.479072690010070801e-01
7.393956780433654785e-01
2.407506406307220459e-01
1.786323636770248413e-01
8.568309545516967773e-01
9.341449737548828125e-01
8.655452728271484375e-01
9.478976130485534668e-01
9.479072690010070801e-01
4.496315419673919678e-01
8.560726642608642578e-01
9.350821375846862793e-01
8.658927679061889648e-01
9.479072690010070801e-01
9.479072690010070801e-01
9.284213781356811523e-01
9.350821375846862793e-01
9.345220327377319336e-01
9.479072690010070801e-01
8.739123344421386719e-01
5.287647843360900879e-01
9.349198341369628906e-01
9.350821375846862793e-01
1.862796545028686523e-01
9.350821375846862793e-01
9.478976130485534668e-01
9.350821375846862793e-01
9.479072690010070801e-01
9.350821375846862793e-01
8.719693422317504883e-01
9.199598431587219238e-01
9.350012540817260742e-01
9.116404652595520020e-01
9.350821375846862793e-01
9.350821375846862793e-01
9.478976130485534668e-01
9.478976130485534668e-01
9.350821375846862793e-01
9.182899594306945801e-01
9.479072690010070801e-01
6.218335032463073730e-01
8.627210855484008789e-01
9.116941690444946289e-01
9.350821375846862793e-01
9.154817461967468262e-01
9.478878378868103027e-01
9.346294403076171875e-01
9.350821375846862793e-01
5.852985382080078125e-01
8.682979941368103027e-01
9.248722195625305176e-01
9.350012540817260742e-01
9.350012540817260742e-01
2.107986658811569214e-01
6.758719086647033691e-01
8.699844479560852051e-01
6.822409033775329590e-01
9.350821375846862793e-01
8.780039548873901367e-01
5.265296101570129395e-01
8.637896180152893066e-01
9.350821375846862793e-01
8.689761757850646973e-01
9.479072690010070801e-01
9.350821375846862793e-01
7.299255132675170898e-01
1.791626662015914917e-01
9.350821375846862793e-01
9.350821375846862793e-01
9.149430394172668457e-01
1.811343729496002197e-01
1.921621561050415039e-01
9.350821375846862793e-01
9.350821375846862793e-01
5.291116237640380859e-01
9.479072690010070801e-01
9.478778839111328125e-01
3.903074264526367188e-01
9.349198341369628906e-01
8.630787134170532227e-01
9.478878378868103027e-01
1.912203431129455566e-01
9.350012540817260742e-01
3.174895346164703369e-01
2.800972461700439453e-01
5.561242699623107910e-01
7.084264159202575684e-01
9.350821375846862793e-01
9.350012540817260742e-01
2.969214022159576416e-01
9.217638373374938965e-01
9.221607446670532227e-01
9.479580521583557129e-01
9.479580521583557129e-01
9.350821375846862793e-01
5.273699760437011719e-01
8.682979941368103027e-01
9.350012540817260742e-01
9.350821375846862793e-01
1.789662986993789673e-01
9.350821375846862793e-01
2.701731026172637939e-01
9.350821375846862793e-01
8.590752482414245605e-01
7.430469393730163574e-01
9.350821375846862793e-01
9.310020804405212402e-01
8.533773422241210938e-01
9.134788513183593750e-01
9.350821375846862793e-01
7.472206354141235352e-01
9.209361672401428223e-01
4.789445400238037109e-01
5.291068553924560547e-01
9.246845841407775879e-01
8.620018362998962402e-01
9.313891530036926270e-01
9.350012540817260742e-01
9.350821375846862793e-01
9.344682097434997559e-01
9.350821375846862793e-01
8.719693422317504883e-01
9.345181584358215332e-01
9.129205942153930664e-01
9.350821375846862793e-01
9.479580521583557129e-01
9.478976130485534668e-01
9.272006750106811523e-01
8.572081923484802246e-01
9.350012540817260742e-01
5.052502155303955078e-01
9.258809685707092285e-01
9.350821375846862793e-01
1.790549010038375854e-01
9.329947233200073242e-01
9.478976130485534668e-01
9.160235524177551270e-01
9.479072690010070801e-01
9.479580521583557129e-01
9.350821375846862793e-01
5.310004353523254395e-01
1.773600131273269653e-01
9.304856061935424805e-01
8.713123798370361328e-01
9.286251664161682129e-01
7.472206354141235352e-01
9.350821375846862793e-01
9.236776232719421387e-01
4.622153639793395996e-01
5.287647843360900879e-01
9.479580521583557129e-01
9.350821375846862793e-01
8.598141074180603027e-01
7.471831440925598145e-01
9.350821375846862793e-01
1.897796839475631714e-01
9.350012540817260742e-01
9.149656891822814941e-01
9.478976130485534668e-01
9.350821375846862793e-01
2.015236318111419678e-01
9.350012540817260742e-01
1.952079534530639648e-01
1.814154535531997681e-01
9.350821375846862793e-01
9.479072690010070801e-01
9.350012540817260742e-01
9.350821375846862793e-01
1.834755092859268188e-01
9.207640886306762695e-01
9.199311733245849609e-01
1.900818347930908203e-01
8.689761757850646973e-01
8.334521651268005371e-01
1.773156374692916870e-01
5.265296101570129395e-01
5.875543951988220215e-01
9.350012540817260742e-01
1.782178133726119995e-01
9.350821375846862793e-01
8.598141074180603027e-01
9.350821375846862793e-01
1.794752776622772217e-01
9.320158362388610840e-01
4.559952318668365479e-01
1.770275980234146118e-01
7.456717491149902344e-01
9.479580521583557129e-01
9.350821375846862793e-01
9.348005056381225586e-01
9.347754716873168945e-01
9.235077500343322754e-01
9.135726690292358398e-01
9.479072690010070801e-01
9.479072690010070801e-01
1.838238835334777832e-01
9.350012540817260742e-01
9.478976130485534668e-01
3.498827219009399414e-01
9.350821375846862793e-01
8.761250376701354980e-01
1.777338981628417969e-01
9.479072690010070801e-01
5.876768827438354492e-01
9.350012540817260742e-01
9.479580521583557129e-01
9.479072690010070801e-01
5.287647843360900879e-01
9.350821375846862793e-01
9.478878378868103027e-01
4.940967559814453125e-01
5.287647843360900879e-01
7.472205758094787598e-01
8.601818084716796875e-01
9.479580521583557129e-01
9.350821375846862793e-01
5.265296101570129395e-01
8.679570555686950684e-01
8.726217150688171387e-01
5.273699760437011719e-01
3.414522111415863037e-01
8.682979941368103027e-01
9.350821375846862793e-01
9.479072690010070801e-01
9.349198341369628906e-01
9.118097424507141113e-01
8.735916018486022949e-01
9.479072690010070801e-01
9.478976130485534668e-01
9.479072690010070801e-01
9.350012540817260742e-01
9.350012540817260742e-01
9.478976130485534668e-01
9.350821375846862793e-01
9.147830009460449219e-01
9.350600242614746094e-01
9.189520478248596191e-01
9.350821375846862793e-01
9.350821375846862793e-01
5.287695527076721191e-01
9.332066774368286133e-01
9.350821375846862793e-01
5.563204288482666016e-01
7.981067895889282227e-01
9.349198341369628906e-01
9.350829720497131348e-01
9.350821375846862793e-01
8.583323359489440918e-01
9.218935370445251465e-01
9.478878378868103027e-01
9.350821375846862793e-01
9.479072690010070801e-01
1.940410435199737549e-01
9.350821375846862793e-01
9.350821375846862793e-01
9.350821375846862793e-01
1.812758296728134155e-01
9.479072690010070801e-01
9.354481697082519531e-01
9.350821375846862793e-01
8.758121728897094727e-01
8.766409754753112793e-01
9.350821375846862793e-01
9.263318181037902832e-01
1.788097769021987915e-01
1.959624737501144409e-01
8.699844479560852051e-01
9.479072690010070801e-01
9.350012540817260742e-01
8.549253344535827637e-01
9.479072690010070801e-01
6.876222491264343262e-01
9.350012540817260742e-01
9.347857236862182617e-01
9.360176920890808105e-01
9.350821375846862793e-01
8.601818084716796875e-01
9.479072690010070801e-01
9.478976130485534668e-01
9.479072690010070801e-01
9.350821375846862793e-01
1.901413351297378540e-01
8.732694387435913086e-01
8.579588532447814941e-01
8.637896180152893066e-01
1.789891719818115234e-01
2.090881764888763428e-01
8.620018362998962402e-01
9.350821375846862793e-01
9.479072690010070801e-01
9.350012540817260742e-01
9.339023828506469727e-01
9.350821375846862793e-01
9.479072690010070801e-01
9.349198341369628906e-01
9.479072690010070801e-01
9.350821375846862793e-01
9.350821375846862793e-01
7.793670296669006348e-01
1.824188232421875000e-01
3.967353403568267822e-01
5.306559205055236816e-01
9.350821375846862793e-01
9.479580521583557129e-01
8.709821701049804688e-01
5.251361727714538574e-01
8.665845990180969238e-01
9.305390119552612305e-01
7.160834074020385742e-01
9.350012540817260742e-01
9.341869950294494629e-01
9.201048016548156738e-01
8.676152229309082031e-01
1.779003143310546875e-01
9.479072690010070801e-01
5.251361727714538574e-01
9.350821375846862793e-01
8.579588532447814941e-01
9.274851679801940918e-01
9.479072690010070801e-01
9.479072690010070801e-01
9.322904348373413086e-01
9.350821375846862793e-01
1.959933191537857056e-01
9.479072690010070801e-01
9.350821375846862793e-01
5.265296101570129395e-01
1.889093518257141113e-01
9.350821375846862793e-01
7.040009498596191406e-01
9.478878378868103027e-01
9.350821375846862793e-01
9.350821375846862793e-01
5.287647843360900879e-01
9.349198341369628906e-01
9.350821375846862793e-01
9.479072690010070801e-01
9.221615195274353027e-01
4.693200588226318359e-01
8.732694387435913086e-01
9.244858026504516602e-01
9.350821375846862793e-01
9.350012540817260742e-01
7.474809288978576660e-01
9.350821375846862793e-01
9.350821375846862793e-01
9.336896538734436035e-01
9.350012540817260742e-01
1.958642452955245972e-01
9.350821375846862793e-01
2.371035069227218628e-01
9.331380724906921387e-01
9.350821375846862793e-01
9.235550761222839355e-01
3.785586059093475342e-01
2.818036079406738281e-01
9.350821375846862793e-01
8.537662625312805176e-01
3.183880746364593506e-01
9.479072690010070801e-01
1.914368867874145508e-01
9.350821375846862793e-01
9.479072690010070801e-01
9.350821375846862793e-01
4.014106392860412598e-01
8.579588532447814941e-01
9.346985816955566406e-01
9.308087229728698730e-01
9.213477969169616699e-01
8.693134188652038574e-01
5.265343785285949707e-01
5.277147889137268066e-01
1.765994429588317871e-01
9.201048016548156738e-01
9.479072690010070801e-01
9.479072690010070801e-01
9.479072690010070801e-01
9.320264458656311035e-01
9.248310327529907227e-01
9.350012540817260742e-01
8.634347915649414062e-01
9.322953820228576660e-01
1.917778700590133667e-01
9.350821375846862793e-01
7.793636322021484375e-01
1.878814101219177246e-01
7.293138504028320312e-01
9.175589084625244141e-01
9.350012540817260742e-01
9.350821375846862793e-01
9.351272583007812500e-01
7.299255132675170898e-01
9.250862002372741699e-01
5.265296101570129395e-01
9.201997518539428711e-01
9.381746649742126465e-01
9.350821375846862793e-01
9.242254495620727539e-01
1.782888472080230713e-01
8.642973899841308594e-01
5.258079767227172852e-01
8.665845990180969238e-01
1.847538352012634277e-01
9.340203404426574707e-01
9.479072690010070801e-01
9.479072690010070801e-01
5.565929412841796875e-01
9.350821375846862793e-01
9.350821375846862793e-01
9.241625666618347168e-01
7.293138504028320312e-01
9.239299893379211426e-01
9.479580521583557129e-01
9.479072690010070801e-01
9.358727335929870605e-01
9.350012540817260742e-01
8.584446907043457031e-01
8.634347915649414062e-01
8.665845990180969238e-01
9.351664185523986816e-01
9.478976130485534668e-01
6.642702817916870117e-01
8.748673796653747559e-01
9.350821375846862793e-01
9.350821375846862793e-01
9.479072690010070801e-01
9.458960294723510742e-01
9.219689369201660156e-01
9.350821375846862793e-01
9.350821375846862793e-01
9.348653554916381836e-01
1.800484806299209595e-01
9.248309731483459473e-01
9.315816164016723633e-01
1.741946935653686523e-01
9.350821375846862793e-01
9.350821375846862793e-01
2.165993154048919678e-01
9.350821375846862793e-01
9.350821375846862793e-01
9.350821375846862793e-01
2.270434349775314331e-01
9.479072690010070801e-01
9.294544458389282227e-01
9.350821375846862793e-01
9.479072690010070801e-01
8.716414570808410645e-01
9.347012042999267578e-01
9.478976130485534668e-01
9.479072690010070801e-01
9.349198341369628906e-01
9.479072690010070801e-01
9.479072690010070801e-01
5.287647843360900879e-01
9.479072690010070801e-01
5.268684029579162598e-01
8.822931051254272461e-01
9.223476052284240723e-01
9.350821375846862793e-01
9.350821375846862793e-01
1.747323572635650635e-01
9.323470592498779297e-01
8.627210855484008789e-01
9.350821375846862793e-01
9.350821375846862793e-01
9.350821375846862793e-01
9.336249828338623047e-01
1.786081194877624512e-01
8.658927679061889648e-01
9.479072690010070801e-01
1.816498339176177979e-01
5.607711672782897949e-01
9.350821375846862793e-01
8.648466467857360840e-01
4.128902554512023926e-01
9.479580521583557129e-01
9.350821375846862793e-01
8.572081923484802246e-01
9.235115647315979004e-01
9.350821375846862793e-01
7.474434375762939453e-01
9.350821375846862793e-01
9.350821375846862793e-01
9.350012540817260742e-01
9.479072690010070801e-01
9.479072690010070801e-01
9.157902598381042480e-01
8.676152229309082031e-01
9.479072690010070801e-01
9.350821375846862793e-01
8.623621463775634766e-01
9.479072690010070801e-01
9.479072690010070801e-01
9.350821375846862793e-01
7.472206354141235352e-01
9.350012540817260742e-01
9.479072690010070801e-01
9.479072690010070801e-01
9.350821375846862793e-01
9.350821375846862793e-01
1.822800934314727783e-01
9.245795011520385742e-01
6.694856882095336914e-01
9.350012540817260742e-01
9.246482849121093750e-01
1.790586560964584351e-01
5.251361727714538574e-01
9.229188561439514160e-01
9.235286712646484375e-01
3.942600190639495850e-01
6.377900838851928711e-01
9.479580521583557129e-01
9.350821375846862793e-01
1.779146045446395874e-01
9.337690472602844238e-01
9.134788513183593750e-01
9.350821375846862793e-01
9.337227344512939453e-01
9.348812103271484375e-01
2.299277931451797485e-01
9.350821375846862793e-01
8.392201662063598633e-01
9.250465035438537598e-01
9.349642992019653320e-01
1.802092194557189941e-01
9.350821375846862793e-01
9.479072690010070801e-01
9.251826405525207520e-01
2.535825371742248535e-01
1.842572689056396484e-01
9.350012540817260742e-01
9.479072690010070801e-01
8.798890709877014160e-01
9.350012540817260742e-01
1.790860593318939209e-01
5.273699760437011719e-01
6.663607954978942871e-01
9.350821375846862793e-01
5.268684029579162598e-01
7.159973978996276855e-01
8.648466467857360840e-01
9.479072690010070801e-01
9.325892925262451172e-01
9.350821375846862793e-01
9.350821375846862793e-01
8.682979941368103027e-01
5.265296101570129395e-01
9.345276951789855957e-01
9.302399754524230957e-01
5.641627311706542969e-01
9.478976130485534668e-01
2.267604768276214600e-01
9.210170507431030273e-01
9.479072690010070801e-01
3.345936238765716553e-01
8.553091287612915039e-01
9.255620837211608887e-01
9.350821375846862793e-01
9.280264377593994141e-01
7.293138504028320312e-01
8.533773422241210938e-01
5.287647843360900879e-01
9.336332082748413086e-01
7.293138504028320312e-01
8.735916018486022949e-01
5.258079767227172852e-01
5.287647843360900879e-01
9.350821375846862793e-01
9.158003926277160645e-01
8.726282119750976562e-01
9.350821375846862793e-01
9.347218275070190430e-01
8.575841784477233887e-01
9.350821375846862793e-01
9.479072690010070801e-01
9.350012540817260742e-01
9.184730648994445801e-01
9.479072690010070801e-01
9.350012540817260742e-01
9.207601547241210938e-01
8.568309545516967773e-01
1.850312799215316772e-01
9.479072690010070801e-01
8.533773422241210938e-01
9.350821375846862793e-01
5.872714519500732422e-01
2.678032517433166504e-01
1.752382218837738037e-01
9.479072690010070801e-01
5.701488852500915527e-01
9.479072690010070801e-01
2.530471980571746826e-01
9.349198341369628906e-01
9.225321412086486816e-01
9.285943508148193359e-01
9.479580521583557129e-01
9.478878378868103027e-01
9.479072690010070801e-01
9.479072690010070801e-01
9.350821375846862793e-01
9.479072690010070801e-01
9.479072690010070801e-01
1.954125612974166870e-01
9.350821375846862793e-01
9.280271530151367188e-01
9.350821375846862793e-01
9.237541556358337402e-01
3.380388915538787842e-01
9.479580521583557129e-01
1.819920539855957031e-01
9.479072690010070801e-01
9.350821375846862793e-01
9.348379969596862793e-01
9.351740479469299316e-01
9.478778839111328125e-01
9.350821375846862793e-01
8.648466467857360840e-01
9.345975518226623535e-01
9.350821375846862793e-01
9.350821375846862793e-01
9.270491600036621094e-01
8.545402288436889648e-01
7.074698209762573242e-01
8.575841784477233887e-01
9.478976130485534668e-01
9.350821375846862793e-01
5.743868947029113770e-01
9.350012540817260742e-01
7.793577909469604492e-01
9.350821375846862793e-01
1.900410801172256470e-01
9.351300001144409180e-01
9.200289249420166016e-01
9.479580521583557129e-01
9.479072690010070801e-01
9.242240190505981445e-01
9.350821375846862793e-01
2.845998704433441162e-01
9.318335652351379395e-01
3.161149919033050537e-01
9.177027344703674316e-01
9.350264072418212891e-01
9.349198341369628906e-01
8.637896180152893066e-01
9.350012540817260742e-01
9.478976130485534668e-01
5.265296101570129395e-01
1.920371800661087036e-01
9.479072690010070801e-01
8.586969971656799316e-01
2.070906758308410645e-01
7.160257697105407715e-01
8.644955158233642578e-01
8.672728538513183594e-01
9.350821375846862793e-01
9.350821375846862793e-01
9.350821375846862793e-01
9.350821375846862793e-01
9.479072690010070801e-01
9.231252670288085938e-01
9.350012540817260742e-01
9.479072690010070801e-01
9.280264377593994141e-01
1.787855625152587891e-01
8.630787134170532227e-01
9.350821375846862793e-01
2.373476028442382812e-01
9.478976130485534668e-01
3.181630373001098633e-01
9.348379969596862793e-01
9.186949729919433594e-01
8.703181743621826172e-01
9.479072690010070801e-01
9.349198341369628906e-01
1.783765703439712524e-01
8.776718378067016602e-01
8.616403341293334961e-01
9.350821375846862793e-01
9.479072690010070801e-01
9.479072690010070801e-01
9.478976130485534668e-01
7.778445482254028320e-01
8.662390708923339844e-01
5.251361727714538574e-01
9.342332482337951660e-01
9.350821375846862793e-01
8.693134188652038574e-01
1.837507784366607666e-01
9.478878378868103027e-01
3.575172126293182373e-01
1.687767952680587769e-01
9.319012165069580078e-01
9.479072690010070801e-01
9.350821375846862793e-01
9.350821375846862793e-01
9.138159155845642090e-01
9.066535234451293945e-01
9.241601228713989258e-01
9.350821375846862793e-01
9.479072690010070801e-01
8.761250376701354980e-01
7.293138504028320312e-01
9.478878378868103027e-01
9.350821375846862793e-01
5.568445920944213867e-01
9.350821375846862793e-01
9.478976130485534668e-01
8.598141074180603027e-01
8.644955158233642578e-01
2.163795083761215210e-01
9.350821375846862793e-01
2.198105603456497192e-01
8.529871106147766113e-01
5.265296101570129395e-01
5.291068553924560547e-01
9.350821375846862793e-01
8.676152229309082031e-01
8.522028326988220215e-01
5.940079092979431152e-01
7.293138504028320312e-01
5.287647843360900879e-01
5.688685178756713867e-01
9.298196434974670410e-01
3.557275235652923584e-01
9.479072690010070801e-01
8.655452728271484375e-01
9.350012540817260742e-01
9.331709146499633789e-01
9.479072690010070801e-01
9.114359617233276367e-01
9.177046418190002441e-01
6.991592049598693848e-01
9.479072690010070801e-01
5.273699760437011719e-01
9.350821375846862793e-01
7.293138504028320312e-01
8.748673796653747559e-01
9.479072690010070801e-01
5.501877069473266602e-01
9.349198341369628906e-01
8.719693422317504883e-01
9.479072690010070801e-01
9.350821375846862793e-01
9.345526695251464844e-01
5.251361727714538574e-01
5.556532740592956543e-01
9.350821375846862793e-01
9.350821375846862793e-01
9.354799389839172363e-01
9.333408474922180176e-01
9.479072690010070801e-01
9.350821375846862793e-01
9.192537665367126465e-01
8.739123344421386719e-01
8.623621463775634766e-01
7.293138504028320312e-01
9.479072690010070801e-01
1.767987906932830811e-01
9.479072690010070801e-01
9.479072690010070801e-01
2.249902933835983276e-01
1.914684772491455078e-01
9.479072690010070801e-01
1.958287358283996582e-01
9.478976130485534668e-01
6.764327287673950195e-01
1.825356781482696533e-01
8.736793398857116699e-01
2.306454628705978394e-01
9.350821375846862793e-01
5.265296101570129395e-01
8.884896636009216309e-01
9.478778839111328125e-01
9.350012540817260742e-01
9.344933032989501953e-01
9.256049990653991699e-01
9.479072690010070801e-01
9.339214563369750977e-01
9.350012540817260742e-01
6.813391447067260742e-01
7.305399179458618164e-01
1.818537265062332153e-01
8.908374309539794922e-01
9.479072690010070801e-01
7.806254029273986816e-01
2.293819934129714966e-01
4.973940849304199219e-01
5.268684029579162598e-01
9.350012540817260742e-01
1.970589309930801392e-01
9.479072690010070801e-01
1.798948794603347778e-01
1.786038428544998169e-01
1.942467093467712402e-01
9.350821375846862793e-01
9.234966039657592773e-01
8.634347915649414062e-01
7.028709650039672852e-01
1.770513206720352173e-01
9.479072690010070801e-01
9.479072690010070801e-01
9.478976130485534668e-01
8.195130825042724609e-01
9.479072690010070801e-01
5.287647843360900879e-01
6.862847208976745605e-01
2.721535861492156982e-01
9.350821375846862793e-01
9.350012540817260742e-01
7.952576279640197754e-01
9.350821375846862793e-01
9.354776144027709961e-01
7.471831440925598145e-01
9.479072690010070801e-01
1.850603073835372925e-01
5.251361727714538574e-01
9.334725141525268555e-01
9.350012540817260742e-01
9.350821375846862793e-01
1.843878477811813354e-01
9.249919056892395020e-01
5.567868351936340332e-01
9.344451427459716797e-01
9.166462421417236328e-01
7.160075902938842773e-01
7.737406492233276367e-01
5.273699760437011719e-01
9.243644475936889648e-01
9.348069429397583008e-01
9.355814456939697266e-01
9.478878378868103027e-01
5.273699760437011719e-01
9.338517189025878906e-01
9.208572506904602051e-01
1.940893232822418213e-01
7.006890177726745605e-01
9.350821375846862793e-01
9.350821375846862793e-01
9.479072690010070801e-01
3.402357399463653564e-01
2.150544673204421997e-01
9.479072690010070801e-01
9.478976130485534668e-01
5.852985382080078125e-01
9.478976130485534668e-01
9.229184985160827637e-01
9.479072690010070801e-01
9.350821375846862793e-01
9.350821375846862793e-01
9.350821375846862793e-01
8.828983902931213379e-01
4.346854686737060547e-01
9.115259051322937012e-01
1.805453300476074219e-01
9.350821375846862793e-01
9.479072690010070801e-01
9.350821375846862793e-01
9.207601547241210938e-01
9.479072690010070801e-01
5.898064374923706055e-01
4.514955580234527588e-01
5.558527112007141113e-01
8.699844479560852051e-01
8.525956273078918457e-01
9.350821375846862793e-01
9.350821375846862793e-01
9.478778839111328125e-01
1.794422566890716553e-01
9.350821375846862793e-01
9.350821375846862793e-01
9.479072690010070801e-01
5.265296101570129395e-01
9.350821375846862793e-01
9.350012540817260742e-01
9.258536100387573242e-01
1.787615418434143066e-01
9.235101938247680664e-01
9.350821375846862793e-01
9.350821375846862793e-01
1.780103147029876709e-01
9.350821375846862793e-01
8.560726642608642578e-01
2.348573803901672363e-01
9.350659847259521484e-01
9.333283901214599609e-01
9.478976130485534668e-01
9.350012540817260742e-01
9.349198341369628906e-01
9.350821375846862793e-01
4.081113338470458984e-01
5.268684029579162598e-01
7.299255132675170898e-01
9.479580521583557129e-01
9.479580521583557129e-01
2.321971058845520020e-01
9.350821375846862793e-01
9.350821375846862793e-01
8.722960948944091797e-01
9.350821375846862793e-01
9.350821375846862793e-01
5.301617383956909180e-01
9.479072690010070801e-01
8.572081923484802246e-01
8.545402288436889648e-01
9.334238767623901367e-01
1.780500859022140503e-01
9.479580521583557129e-01
9.350821375846862793e-01
9.478976130485534668e-01
9.350821375846862793e-01
4.585593938827514648e-01
9.479072690010070801e-01
5.993517041206359863e-01
9.350821375846862793e-01
9.479072690010070801e-01
9.479072690010070801e-01
9.357548952102661133e-01
9.350012540817260742e-01
9.479072690010070801e-01
2.334552109241485596e-01
1.783077865839004517e-01
9.350821375846862793e-01
7.908004522323608398e-01
9.350012540817260742e-01
