6.417942864105528056e-01
6.417942864105528056e-01
5.200311930283906259e-01
5.200311930283906259e-01
3.183951078271028967e-01
5.909195066146558650e-01
6.417942864105528056e-01
6.452252670764394571e-01
5.200311930283906259e-01
6.417942864105528056e-01
5.909195066146558650e-01
6.417942864105528056e-01
4.094728542218600831e-01
6.417942864105528056e-01
6.554155782709915057e-01
6.417942864105528056e-01
6.579195492249575450e-01
6.484667148081728616e-01
3.033500631796360869e-01
5.200311930283906259e-01
6.417942864105528056e-01
3.114242222804839977e-01
6.417942864105528056e-01
6.417942864105528056e-01
5.909195066146558650e-01
6.417942864105528056e-01
6.417942864105528056e-01
6.579195492249575450e-01
5.200311930283906259e-01
4.047696852940876333e-01
5.799894384999347841e-01
6.417942864105528056e-01
6.417942864105528056e-01
6.417942864105528056e-01
6.452252670764394571e-01
6.417942864105528056e-01
3.412340940346298424e-01
6.417942864105528056e-01
3.033500631796360869e-01
3.282513385294218988e-01
6.417942864105528056e-01
4.001232815569118473e-01
6.417942864105528056e-01
3.167895804002956450e-01
6.484667148081728616e-01
6.417942864105528056e-01
6.417942864105528056e-01
5.909195066146558650e-01
6.522038396435252405e-01
3.290502054396877707e-01
6.417942864105528056e-01
3.865358190346125933e-01
5.909195066146558650e-01
6.417942864105528056e-01
6.554155782709915057e-01
6.417942864105528056e-01
3.643276802490320043e-01
6.417942864105528056e-01
6.417942864105528056e-01
6.452252670764394571e-01
5.200311930283906259e-01
6.452252670764394571e-01
6.417942864105528056e-01
6.417942864105528056e-01
2.720358062786129572e-01
6.387976253507335889e-01
6.417942864105528056e-01
6.417942864105528056e-01
6.452252670764394571e-01
6.417942864105528056e-01
3.803599073326660029e-01
6.417942864105528056e-01
5.200311930283906259e-01
6.417942864105528056e-01
6.417942864105528056e-01
6.452252670764394571e-01
6.417942864105528056e-01
6.484667148081728616e-01
6.417942864105528056e-01
6.484667148081728616e-01
3.412340940346298424e-01
3.114242222804839977e-01
6.484667148081728616e-01
3.606044759456683568e-01
6.452252670764394571e-01
6.417942864105528056e-01
6.417942864105528056e-01
6.417942864105528056e-01
6.417942864105528056e-01
6.417942864105528056e-01
6.417942864105528056e-01
5.909195066146558650e-01
4.001232815569118473e-01
6.417942864105528056e-01
4.047696852940876333e-01
6.417942864105528056e-01
6.417942864105528056e-01
6.417942864105528056e-01
6.387976253507335889e-01
6.579195492249575450e-01
6.417942864105528056e-01
6.417942864105528056e-01
3.998771282073236288e-01
6.417942864105528056e-01
5.909195066146558650e-01
6.647781505432007743e-01
4.001232815569118473e-01
6.579195492249575450e-01
6.417942864105528056e-01
6.417942864105528056e-01
6.417942864105528056e-01
6.452252670764394571e-01
6.484667148081728616e-01
3.167895804002956450e-01
3.412340940346298424e-01
6.417942864105528056e-01
6.417942864105528056e-01
4.267284902867519158e-01
6.417942864105528056e-01
3.122405746422876049e-01
6.417942864105528056e-01
6.417942864105528056e-01
6.417942864105528056e-01
6.579195492249575450e-01
6.417942864105528056e-01
6.417942864105528056e-01
6.452252670764394571e-01
4.047696852940876333e-01
3.998771282073236288e-01
6.484667148081728616e-01
4.329289657355810950e-01
5.200311930283906259e-01
5.200311930283906259e-01
3.478177723176751890e-01
6.417942864105528056e-01
3.167895804002956450e-01
6.417942864105528056e-01
6.452252670764394571e-01
3.643276802490320043e-01
6.452252670764394571e-01
6.484667148081728616e-01
6.417942864105528056e-01
6.579195492249575450e-01
6.499659941697463195e-01
3.865358190346125933e-01
5.909195066146558650e-01
5.200311930283906259e-01
5.200311930283906259e-01
3.167895804002956450e-01
6.417942864105528056e-01
6.417942864105528056e-01
6.417942864105528056e-01
6.417942864105528056e-01
6.554155782709915057e-01
6.417942864105528056e-01
4.498690765296658456e-01
6.417942864105528056e-01
6.499659941697463195e-01
3.114242222804839977e-01
3.643276802490320043e-01
6.484667148081728616e-01
6.484667148081728616e-01
3.183951078271028967e-01
6.417942864105528056e-01
6.417942864105528056e-01
6.452252670764394571e-01
3.903446065286881317e-01
6.417942864105528056e-01
5.200311930283906259e-01
6.387976253507335889e-01
6.417942864105528056e-01
6.452252670764394571e-01
6.579195492249575450e-01
3.837739617398144842e-01
6.417942864105528056e-01
4.047696852940876333e-01
3.888271240403968765e-01
6.417942864105528056e-01
5.909195066146558650e-01
5.909195066146558650e-01
6.417942864105528056e-01
6.579195492249575450e-01
5.200311930283906259e-01
6.417942864105528056e-01
5.909195066146558650e-01
6.417942864105528056e-01
3.998771282073236288e-01
6.417942864105528056e-01
4.047696852940876333e-01
6.417942864105528056e-01
4.070444980218593800e-01
6.417942864105528056e-01
3.412340940346298424e-01
3.412340940346298424e-01
6.220132818946981779e-01
3.412340940346298424e-01
5.951702520112714945e-01
6.417942864105528056e-01
6.417942864105528056e-01
6.417942864105528056e-01
5.909195066146558650e-01
3.606044759456683568e-01
6.417942864105528056e-01
5.909195066146558650e-01
6.417942864105528056e-01
6.499659941697463195e-01
6.417942864105528056e-01
6.484667148081728616e-01
5.909195066146558650e-01
6.387976253507335889e-01
6.417942864105528056e-01
6.417942864105528056e-01
3.204425225183643589e-01
4.047696852940876333e-01
6.579195492249575450e-01
6.484667148081728616e-01
6.417942864105528056e-01
6.387976253507335889e-01
3.412340940346298424e-01
6.484667148081728616e-01
6.579195492249575450e-01
6.417942864105528056e-01
6.417942864105528056e-01
5.200311930283906259e-01
6.417942864105528056e-01
4.047696852940876333e-01
3.412340940346298424e-01
3.412340940346298424e-01
6.452252670764394571e-01
6.417942864105528056e-01
3.574460408326856631e-01
4.047696852940876333e-01
6.417942864105528056e-01
4.001232815569118473e-01
3.626064807017222447e-01
5.184726414732937494e-01
3.803599073326660029e-01
6.417942864105528056e-01
3.605266927880466654e-01
6.018904108923328611e-01
6.417942864105528056e-01
6.417942864105528056e-01
5.200311930283906259e-01
6.417942864105528056e-01
6.417942864105528056e-01
6.417942864105528056e-01
6.417942864105528056e-01
3.806093951288879729e-01
4.040779401446225605e-01
6.484667148081728616e-01
6.417942864105528056e-01
6.579195492249575450e-01
5.200311930283906259e-01
5.570319744777318949e-01
6.452252670764394571e-01
3.287810608602917406e-01
3.412340940346298424e-01
6.417942864105528056e-01
6.417942864105528056e-01
6.417942864105528056e-01
4.047696852940876333e-01
6.417942864105528056e-01
3.257675320720760381e-01
6.417942864105528056e-01
6.417942864105528056e-01
6.417942864105528056e-01
3.803599073326660029e-01
6.417942864105528056e-01
5.200311930283906259e-01
3.998771282073236288e-01
4.070444980218593800e-01
3.733665445758660995e-01
6.417942864105528056e-01
6.417942864105528056e-01
6.452252670764394571e-01
3.412340940346298424e-01
6.417942864105528056e-01
6.417942864105528056e-01
6.452252670764394571e-01
5.909195066146558650e-01
6.417942864105528056e-01
3.122405746422876049e-01
6.069402047721699223e-01
6.417942864105528056e-01
4.277583824854694350e-01
3.412340940346298424e-01
6.417942864105528056e-01
6.387976253507335889e-01
6.484667148081728616e-01
5.200311930283906259e-01
6.417942864105528056e-01
5.200311930283906259e-01
6.499659941697463195e-01
6.484667148081728616e-01
5.001596684430844597e-01
6.417942864105528056e-01
6.417942864105528056e-01
6.417942864105528056e-01
4.477838686066364371e-01
6.579195492249575450e-01
6.417942864105528056e-01
6.484667148081728616e-01
6.452252670764394571e-01
5.909195066146558650e-01
6.417942864105528056e-01
3.412340940346298424e-01
6.452252670764394571e-01
3.643276802490320043e-01
5.200311930283906259e-01
6.452252670764394571e-01
5.828909308720375826e-01
5.909195066146558650e-01
3.412340940346298424e-01
6.052855816317409543e-01
3.412340940346298424e-01
6.417942864105528056e-01
3.167895804002956450e-01
3.412340940346298424e-01
6.417942864105528056e-01
3.412340940346298424e-01
6.417942864105528056e-01
6.484667148081728616e-01
6.417942864105528056e-01
3.546213728833106371e-01
6.417942864105528056e-01
6.417942864105528056e-01
4.082546371839596011e-01
6.417942864105528056e-01
5.200311930283906259e-01
6.452252670764394571e-01
6.417942864105528056e-01
3.803599073326660029e-01
5.909195066146558650e-01
4.070444980218593800e-01
6.452252670764394571e-01
6.417942864105528056e-01
4.020146974223105518e-01
6.417942864105528056e-01
6.554155782709915057e-01
5.200311930283906259e-01
3.939689609671345183e-01
6.417942864105528056e-01
6.417942864105528056e-01
6.387976253507335889e-01
5.083713834988944358e-01
6.484667148081728616e-01
3.412340940346298424e-01
6.417942864105528056e-01
6.417942864105528056e-01
6.484667148081728616e-01
6.522038396435252405e-01
6.417942864105528056e-01
6.417942864105528056e-01
6.417942864105528056e-01
6.484667148081728616e-01
6.417942864105528056e-01
3.122405746422876049e-01
6.417942864105528056e-01
6.484667148081728616e-01
6.417942864105528056e-01
6.417942864105528056e-01
6.484667148081728616e-01
3.167895804002956450e-01
5.242920616733794947e-01
6.452252670764394571e-01
6.417942864105528056e-01
4.070444980218593800e-01
6.417942864105528056e-01
6.417942864105528056e-01
6.417942864105528056e-01
3.073518785561406563e-01
5.200311930283906259e-01
6.417942864105528056e-01
6.417942864105528056e-01
3.802322306441829336e-01
3.643276802490320043e-01
3.675172483740011820e-01
3.803599073326660029e-01
4.047696852940876333e-01
6.484667148081728616e-01
6.417942864105528056e-01
6.417942864105528056e-01
3.412340940346298424e-01
6.417942864105528056e-01
3.287810608602917406e-01
6.452252670764394571e-01
3.412340940346298424e-01
6.417942864105528056e-01
6.417942864105528056e-01
5.909195066146558650e-01
6.387976253507335889e-01
6.417942864105528056e-01
4.001232815569118473e-01
6.417942864105528056e-01
6.417942864105528056e-01
3.440898698509519127e-01
6.484667148081728616e-01
6.417942864105528056e-01
6.052855816317409543e-01
6.484667148081728616e-01
6.417942864105528056e-01
6.452252670764394571e-01
5.200311930283906259e-01
3.098311364963807213e-01
4.396842489504511065e-01
6.417942864105528056e-01
6.417942864105528056e-01
6.417942864105528056e-01
5.909195066146558650e-01
6.417942864105528056e-01
4.040779401446225605e-01
6.417942864105528056e-01
3.546213728833106371e-01
5.200311930283906259e-01
6.417942864105528056e-01
4.001232815569118473e-01
6.417942864105528056e-01
6.417942864105528056e-01
6.417942864105528056e-01
6.417942864105528056e-01
6.417942864105528056e-01
3.643276802490320043e-01
6.579195492249575450e-01
6.417942864105528056e-01
6.484667148081728616e-01
6.417942864105528056e-01
6.417942864105528056e-01
6.417942864105528056e-01
3.287810608602917406e-01
3.249099002963843907e-01
6.417942864105528056e-01
6.417942864105528056e-01
6.484667148081728616e-01
5.570319744777318949e-01
3.033500631796360869e-01
6.417942864105528056e-01
6.484667148081728616e-01
6.417942864105528056e-01
6.579195492249575450e-01
6.417942864105528056e-01
6.417942864105528056e-01
4.207017117596294487e-01
6.417942864105528056e-01
6.417942864105528056e-01
5.570319744777318949e-01
6.417942864105528056e-01
6.484667148081728616e-01
6.484667148081728616e-01
3.183951078271028967e-01
3.998771282073236288e-01
4.047696852940876333e-01
3.412340940346298424e-01
6.417942864105528056e-01
6.417942864105528056e-01
6.417942864105528056e-01
6.484667148081728616e-01
6.417942864105528056e-01
6.417942864105528056e-01
6.417942864105528056e-01
6.018904108923328611e-01
6.417942864105528056e-01
6.417942864105528056e-01
6.417942864105528056e-01
6.554155782709915057e-01
3.167895804002956450e-01
6.579195492249575450e-01
6.484667148081728616e-01
6.417942864105528056e-01
5.200311930283906259e-01
3.114242222804839977e-01
3.114242222804839977e-01
6.417942864105528056e-01
3.351957978593202991e-01
4.535851752967010042e-01
6.417942864105528056e-01
6.417942864105528056e-01
6.417942864105528056e-01
3.903446065286881317e-01
5.909195066146558650e-01
6.484667148081728616e-01
6.417942864105528056e-01
6.417942864105528056e-01
6.417942864105528056e-01
3.998771282073236288e-01
6.417942864105528056e-01
6.417942864105528056e-01
6.417942864105528056e-01
6.417942864105528056e-01
3.287810608602917406e-01
3.738542689629710813e-01
3.114242222804839977e-01
3.412340940346298424e-01
6.417942864105528056e-01
6.417942864105528056e-01
6.452252670764394571e-01
3.412340940346298424e-01
6.484667148081728616e-01
5.909195066146558650e-01
3.803599073326660029e-01
5.200311930283906259e-01
6.417942864105528056e-01
3.684296720998888053e-01
3.122405746422876049e-01
3.033500631796360869e-01
4.047696852940876333e-01
6.484667148081728616e-01
6.417942864105528056e-01
3.936209047892830215e-01
4.557066238535392166e-01
6.417942864105528056e-01
6.417942864105528056e-01
6.417942864105528056e-01
6.579195492249575450e-01
4.070444980218593800e-01
5.466412228051147348e-01
6.417942864105528056e-01
6.417942864105528056e-01
6.417942864105528056e-01
3.675172483740011820e-01
6.417942864105528056e-01
6.417942864105528056e-01
5.200311930283906259e-01
3.865358190346125933e-01
4.040779401446225605e-01
5.200311930283906259e-01
6.417942864105528056e-01
3.724052314144101761e-01
6.417942864105528056e-01
2.889619852074361006e-01
6.484667148081728616e-01
6.522038396435252405e-01
6.417942864105528056e-01
6.484667148081728616e-01
6.452252670764394571e-01
3.024567337147378576e-01
6.417942864105528056e-01
3.806093951288879729e-01
3.643276802490320043e-01
6.417942864105528056e-01
4.327208673966932984e-01
3.412340940346298424e-01
6.417942864105528056e-01
6.484667148081728616e-01
3.204425225183643589e-01
6.417942864105528056e-01
3.546213728833106371e-01
5.200311930283906259e-01
5.200311930283906259e-01
6.579195492249575450e-01
3.865358190346125933e-01
6.417942864105528056e-01
6.417942864105528056e-01
3.412340940346298424e-01
3.412340940346298424e-01
6.417942864105528056e-01
5.200311930283906259e-01
5.570319744777318949e-01
6.417942864105528056e-01
4.267284902867519158e-01
5.200311930283906259e-01
4.070444980218593800e-01
6.452252670764394571e-01
6.417942864105528056e-01
3.412340940346298424e-01
6.484667148081728616e-01
3.122405746422876049e-01
6.579195492249575450e-01
6.417942864105528056e-01
6.417942864105528056e-01
6.484667148081728616e-01
6.417942864105528056e-01
5.909195066146558650e-01
6.417942864105528056e-01
6.417942864105528056e-01
6.417942864105528056e-01
5.200311930283906259e-01
6.417942864105528056e-01
6.417942864105528056e-01
3.998771282073236288e-01
6.417942864105528056e-01
5.200311930283906259e-01
6.417942864105528056e-01
6.417942864105528056e-01
6.417942864105528056e-01
3.936209047892830215e-01
6.417942864105528056e-01
6.387976253507335889e-01
6.417942864105528056e-01
3.412340940346298424e-01
5.077047302744808199e-01
6.417942864105528056e-01
6.484667148081728616e-01
6.417942864105528056e-01
4.267284902867519158e-01
6.417942864105528056e-01
6.417942864105528056e-01
6.417942864105528056e-01
6.554155782709915057e-01
6.484667148081728616e-01
6.452252670764394571e-01
6.452252670764394571e-01
6.417942864105528056e-01
6.417942864105528056e-01
6.387976253507335889e-01
5.200311930283906259e-01
6.417942864105528056e-01
6.417942864105528056e-01
6.417942864105528056e-01
5.909195066146558650e-01
3.287810608602917406e-01
5.200311930283906259e-01
3.412340940346298424e-01
6.417942864105528056e-01
6.417942864105528056e-01
6.417942864105528056e-01
3.372936622124770856e-01
6.394058435339443625e-01
6.417942864105528056e-01
6.417942864105528056e-01
5.200311930283906259e-01
6.417942864105528056e-01
5.951702520112714945e-01
5.184726414732937494e-01
3.903446065286881317e-01
6.484667148081728616e-01
6.417942864105528056e-01
5.799894384999347841e-01
6.579195492249575450e-01
4.001232815569118473e-01
6.052855816317409543e-01
5.200311930283906259e-01
3.546213728833106371e-01
6.417942864105528056e-01
3.803599073326660029e-01
6.417942864105528056e-01
5.909195066146558650e-01
3.643276802490320043e-01
6.417942864105528056e-01
6.417942864105528056e-01
3.546213728833106371e-01
6.452252670764394571e-01
6.417942864105528056e-01
6.417942864105528056e-01
6.417942864105528056e-01
6.484667148081728616e-01
5.140168509066631586e-01
6.417942864105528056e-01
6.417942864105528056e-01
6.417942864105528056e-01
6.417942864105528056e-01
3.773701354773796868e-01
3.204425225183643589e-01
3.606044759456683568e-01
6.452252670764394571e-01
6.417942864105528056e-01
5.200311930283906259e-01
6.417942864105528056e-01
3.412340940346298424e-01
3.183951078271028967e-01
6.417942864105528056e-01
6.417942864105528056e-01
5.200311930283906259e-01
6.417942864105528056e-01
6.484667148081728616e-01
6.417942864105528056e-01
6.417942864105528056e-01
3.865358190346125933e-01
6.417942864105528056e-01
6.417942864105528056e-01
6.417942864105528056e-01
6.417942864105528056e-01
3.781889307684405122e-01
6.554155782709915057e-01
6.417942864105528056e-01
6.417942864105528056e-01
3.733665445758660995e-01
6.417942864105528056e-01
6.484667148081728616e-01
6.499659941697463195e-01
6.417942864105528056e-01
2.771564725116887895e-01
5.200311930283906259e-01
6.417942864105528056e-01
6.417942864105528056e-01
3.183951078271028967e-01
6.417942864105528056e-01
6.417942864105528056e-01
5.200311930283906259e-01
4.498690765296658456e-01
6.484667148081728616e-01
6.417942864105528056e-01
6.579195492249575450e-01
6.417942864105528056e-01
6.417942864105528056e-01
5.909195066146558650e-01
3.643276802490320043e-01
3.865358190346125933e-01
6.417942864105528056e-01
6.452252670764394571e-01
6.484667148081728616e-01
6.417942864105528056e-01
6.417942864105528056e-01
5.909195066146558650e-01
6.484667148081728616e-01
6.417942864105528056e-01
6.579195492249575450e-01
6.417942864105528056e-01
5.096081275733793658e-01
5.200311930283906259e-01
6.417942864105528056e-01
6.579195492249575450e-01
3.643276802490320043e-01
6.417942864105528056e-01
6.522038396435252405e-01
6.417942864105528056e-01
6.417942864105528056e-01
3.412340940346298424e-01
3.033500631796360869e-01
5.909195066146558650e-01
5.909195066146558650e-01
6.452252670764394571e-01
6.484667148081728616e-01
6.417942864105528056e-01
6.417942864105528056e-01
6.417942864105528056e-01
6.417942864105528056e-01
5.200311930283906259e-01
4.277583824854694350e-01
3.167895804002956450e-01
3.865358190346125933e-01
5.570319744777318949e-01
3.684296720998888053e-01
3.412340940346298424e-01
6.417942864105528056e-01
6.499659941697463195e-01
5.200311930283906259e-01
3.675172483740011820e-01
3.998771282073236288e-01
6.484667148081728616e-01
6.417942864105528056e-01
5.200311930283906259e-01
6.484667148081728616e-01
6.484667148081728616e-01
6.417942864105528056e-01
3.114242222804839977e-01
5.909195066146558650e-01
3.803599073326660029e-01
5.200311930283906259e-01
6.417942864105528056e-01
4.040779401446225605e-01
6.417942864105528056e-01
6.417942864105528056e-01
4.001232815569118473e-01
6.417942864105528056e-01
5.200311930283906259e-01
6.417942864105528056e-01
3.114242222804839977e-01
6.484667148081728616e-01
6.417942864105528056e-01
6.417942864105528056e-01
3.803599073326660029e-01
6.417942864105528056e-01
6.484667148081728616e-01
3.865358190346125933e-01
5.909195066146558650e-01
6.452252670764394571e-01
6.647781505432007743e-01
6.417942864105528056e-01
4.001232815569118473e-01
6.417942864105528056e-01
6.484667148081728616e-01
6.417942864105528056e-01
6.484667148081728616e-01
3.412340940346298424e-01
3.412340940346298424e-01
5.909195066146558650e-01
5.570319744777318949e-01
5.200311930283906259e-01
6.484667148081728616e-01
5.909195066146558650e-01
6.484667148081728616e-01
6.579195492249575450e-01
6.417942864105528056e-01
3.412340940346298424e-01
3.675172483740011820e-01
6.417942864105528056e-01
5.549909848642959886e-01
4.047696852940876333e-01
6.417942864105528056e-01
4.070444980218593800e-01
6.579195492249575450e-01
6.484667148081728616e-01
6.499659941697463195e-01
5.909195066146558650e-01
6.417942864105528056e-01
6.417942864105528056e-01
3.643276802490320043e-01
6.417942864105528056e-01
6.484667148081728616e-01
5.200311930283906259e-01
6.417942864105528056e-01
3.189173040046290319e-01
6.417942864105528056e-01
3.412340940346298424e-01
6.417942864105528056e-01
3.546213728833106371e-01
6.417942864105528056e-01
6.417942864105528056e-01
6.417942864105528056e-01
6.484667148081728616e-01
3.024567337147378576e-01
6.417942864105528056e-01
5.200311930283906259e-01
6.417942864105528056e-01
6.417942864105528056e-01
6.417942864105528056e-01
6.417942864105528056e-01
6.417942864105528056e-01
5.200311930283906259e-01
3.412340940346298424e-01
3.626064807017222447e-01
6.018904108923328611e-01
4.070444980218593800e-01
6.417942864105528056e-01
3.903446065286881317e-01
6.417942864105528056e-01
6.417942864105528056e-01
6.417942864105528056e-01
3.412340940346298424e-01
5.200311930283906259e-01
4.070444980218593800e-01
6.417942864105528056e-01
6.417942864105528056e-01
6.484667148081728616e-01
6.452252670764394571e-01
3.122405746422876049e-01
5.200311930283906259e-01
4.688975013798124536e-01
5.909195066146558650e-01
6.417942864105528056e-01
6.484667148081728616e-01
5.909195066146558650e-01
6.152105602339217327e-01
3.936209047892830215e-01
6.452252670764394571e-01
5.909195066146558650e-01
3.048158555739240438e-01
6.417942864105528056e-01
6.417942864105528056e-01
6.417942864105528056e-01
6.579195492249575450e-01
6.417942864105528056e-01
6.417942864105528056e-01
6.417942864105528056e-01
5.200311930283906259e-01
6.417942864105528056e-01
6.417942864105528056e-01
6.452252670764394571e-01
3.412340940346298424e-01
5.200311930283906259e-01
6.484667148081728616e-01
6.417942864105528056e-01
6.484667148081728616e-01
6.417942864105528056e-01
6.417942864105528056e-01
6.417942864105528056e-01
3.287810608602917406e-01
6.484667148081728616e-01
6.452252670764394571e-01
6.452252670764394571e-01
6.417942864105528056e-01
3.998771282073236288e-01
6.417942864105528056e-01
6.484667148081728616e-01
4.881695422448163457e-01
6.417942864105528056e-01
6.452252670764394571e-01
6.417942864105528056e-01
3.033500631796360869e-01
2.945156281810464294e-01
6.417942864105528056e-01
4.207017117596294487e-01
6.417942864105528056e-01
6.417942864105528056e-01
6.417942864105528056e-01
6.452252670764394571e-01
6.579195492249575450e-01
6.417942864105528056e-01
3.024567337147378576e-01
6.417942864105528056e-01
5.570319744777318949e-01
6.417942864105528056e-01
6.452252670764394571e-01
6.417942864105528056e-01
5.909195066146558650e-01
3.865358190346125933e-01
6.484667148081728616e-01
3.167895804002956450e-01
3.114242222804839977e-01
3.936209047892830215e-01
6.579195492249575450e-01
5.200311930283906259e-01
5.200311930283906259e-01
6.417942864105528056e-01
6.417942864105528056e-01
6.417942864105528056e-01
3.412340940346298424e-01
3.684296720998888053e-01
6.417942864105528056e-01
6.417942864105528056e-01
5.200311930283906259e-01
5.200311930283906259e-01
6.417942864105528056e-01
3.183951078271028967e-01
6.417942864105528056e-01
6.417942864105528056e-01
6.484667148081728616e-01
5.200311930283906259e-01
6.452252670764394571e-01
5.200311930283906259e-01
3.412340940346298424e-01
5.200311930283906259e-01
6.458332320053588038e-01
6.417942864105528056e-01
3.643276802490320043e-01
5.909195066146558650e-01
6.417942864105528056e-01
6.417942864105528056e-01
6.417942864105528056e-01
6.417942864105528056e-01
3.204425225183643589e-01
6.417942864105528056e-01
5.951702520112714945e-01
3.287810608602917406e-01
6.417942864105528056e-01
3.803599073326660029e-01
6.417942864105528056e-01
6.484667148081728616e-01
6.417942864105528056e-01
5.951702520112714945e-01
4.001232815569118473e-01
5.200311930283906259e-01
6.387976253507335889e-01
3.412340940346298424e-01
6.417942864105528056e-01
6.579195492249575450e-01
5.200311930283906259e-01
5.200311930283906259e-01
4.547032808867633724e-01
5.200311930283906259e-01
6.387976253507335889e-01
3.412340940346298424e-01
4.001232815569118473e-01
5.909195066146558650e-01
6.417942864105528056e-01
3.939689609671345183e-01
5.708171999352644743e-01
6.484667148081728616e-01
6.417942864105528056e-01
5.037454972221648841e-01
6.417942864105528056e-01
3.198109042654363465e-01
6.417942864105528056e-01
6.417942864105528056e-01
3.603346188373371395e-01
6.417942864105528056e-01
3.865358190346125933e-01
6.499659941697463195e-01
6.417942864105528056e-01
3.114242222804839977e-01
4.289202921868108254e-01
3.382558831231122221e-01
6.417942864105528056e-01
4.328867729102003903e-01
6.417942864105528056e-01
6.417942864105528056e-01
6.554155782709915057e-01
6.417942864105528056e-01
6.417942864105528056e-01
6.417942864105528056e-01
6.484667148081728616e-01
6.417942864105528056e-01
3.803599073326660029e-01
6.417942864105528056e-01
6.417942864105528056e-01
3.903446065286881317e-01
6.417942864105528056e-01
6.417942864105528056e-01
6.484667148081728616e-01
6.417942864105528056e-01
6.387976253507335889e-01
6.417942864105528056e-01
3.752444576776658436e-01
6.579195492249575450e-01
6.647781505432007743e-01
5.200311930283906259e-01
5.909195066146558650e-01
5.799894384999347841e-01
5.200311930283906259e-01
6.417942864105528056e-01
6.484667148081728616e-01
6.417942864105528056e-01
6.417942864105528056e-01
6.554155782709915057e-01
6.417942864105528056e-01
6.484667148081728616e-01
6.452252670764394571e-01
5.200311930283906259e-01
6.417942864105528056e-01
3.714043704574640503e-01
6.579195492249575450e-01
6.417942864105528056e-01
3.033500631796360869e-01
6.452252670764394571e-01
6.417942864105528056e-01
6.417942864105528056e-01
6.579195492249575450e-01
6.452252670764394571e-01
3.675172483740011820e-01
6.417942864105528056e-01
6.417942864105528056e-01
6.484667148081728616e-01
5.200311930283906259e-01
3.803599073326660029e-01
3.257675320720760381e-01
6.417942864105528056e-01
3.122405746422876049e-01
6.417942864105528056e-01
6.417942864105528056e-01
6.484667148081728616e-01
3.803599073326660029e-01
6.522038396435252405e-01
4.922238937405493675e-01
6.484667148081728616e-01
6.417942864105528056e-01
6.417942864105528056e-01
6.484667148081728616e-01
6.417942864105528056e-01
6.417942864105528056e-01
6.417942864105528056e-01
6.417942864105528056e-01
5.909195066146558650e-01
6.417942864105528056e-01
6.417942864105528056e-01
6.417942864105528056e-01
6.417942864105528056e-01
3.998771282073236288e-01
6.394058435339443625e-01
6.417942864105528056e-01
6.417942864105528056e-01
6.417942864105528056e-01
3.936209047892830215e-01
6.417942864105528056e-01
5.200311930283906259e-01
6.417942864105528056e-01
6.417942864105528056e-01
6.417942864105528056e-01
4.744019642559002548e-01
6.417942864105528056e-01
6.417942864105528056e-01
6.417942864105528056e-01
3.655590617384508745e-01
6.452252670764394571e-01
6.417942864105528056e-01
3.024567337147378576e-01
5.200311930283906259e-01
6.417942864105528056e-01
5.200311930283906259e-01
3.751985117055550156e-01
4.001232815569118473e-01
6.579195492249575450e-01
6.417942864105528056e-01
3.122405746422876049e-01
4.371431502902418664e-01
3.282513385294218988e-01
6.417942864105528056e-01
6.417942864105528056e-01
6.417942864105528056e-01
6.417942864105528056e-01
3.412340940346298424e-01
6.417942864105528056e-01
4.001232815569118473e-01
6.579195492249575450e-01
5.200311930283906259e-01
6.417942864105528056e-01
6.484667148081728616e-01
6.417942864105528056e-01
6.484667148081728616e-01
6.417942864105528056e-01
6.417942864105528056e-01
6.417942864105528056e-01
6.417942864105528056e-01
4.001232815569118473e-01
6.417942864105528056e-01
3.287810608602917406e-01
6.417942864105528056e-01
6.417942864105528056e-01
3.903446065286881317e-01
6.484667148081728616e-01
3.803599073326660029e-01
5.200311930283906259e-01
3.546213728833106371e-01
3.459900054577614292e-01
6.499659941697463195e-01
6.452252670764394571e-01
6.417942864105528056e-01
6.417942864105528056e-01
6.417942864105528056e-01
6.452252670764394571e-01
6.452252670764394571e-01
6.458332320053588038e-01
6.417942864105528056e-01
3.287810608602917406e-01
3.939689609671345183e-01
4.498690765296658456e-01
6.484667148081728616e-01
6.417942864105528056e-01
3.412340940346298424e-01
6.417942864105528056e-01
3.903446065286881317e-01
4.070444980218593800e-01
3.888271240403968765e-01
3.643276802490320043e-01
6.417942864105528056e-01
6.417942864105528056e-01
3.998771282073236288e-01
3.149728812580859794e-01
5.200311930283906259e-01
6.417942864105528056e-01
6.579195492249575450e-01
3.354037918097922399e-01
3.198109042654363465e-01
6.417942864105528056e-01
6.417942864105528056e-01
6.417942864105528056e-01
3.412340940346298424e-01
6.417942864105528056e-01
6.452252670764394571e-01
6.417942864105528056e-01
6.579195492249575450e-01
6.417942864105528056e-01
6.417942864105528056e-01
6.499659941697463195e-01
5.200311930283906259e-01
6.417942864105528056e-01
3.803599073326660029e-01
6.417942864105528056e-01
6.417942864105528056e-01
3.024567337147378576e-01
6.417942864105528056e-01
3.412340940346298424e-01
3.287810608602917406e-01
6.417942864105528056e-01
4.688975013798124536e-01
6.417942864105528056e-01
6.417942864105528056e-01
3.865358190346125933e-01
6.452252670764394571e-01
5.200311930283906259e-01
6.484667148081728616e-01
3.412340940346298424e-01
3.204425225183643589e-01
5.200311930283906259e-01
4.047696852940876333e-01
6.484667148081728616e-01
6.417942864105528056e-01
3.546213728833106371e-01
6.417942864105528056e-01
6.417942864105528056e-01
6.417942864105528056e-01
3.865358190346125933e-01
3.998771282073236288e-01
6.417942864105528056e-01
6.417942864105528056e-01
6.484667148081728616e-01
6.417942864105528056e-01
6.484667148081728616e-01
3.122405746422876049e-01
6.417942864105528056e-01
3.903446065286881317e-01
6.417942864105528056e-01
6.484667148081728616e-01
6.417942864105528056e-01
6.554155782709915057e-01
6.417942864105528056e-01
5.909195066146558650e-01
3.998771282073236288e-01
6.484667148081728616e-01
5.075069380724550605e-01
6.417942864105528056e-01
3.781889307684405122e-01
6.417942864105528056e-01
5.200311930283906259e-01
6.417942864105528056e-01
4.047696852940876333e-01
3.114242222804839977e-01
4.267284902867519158e-01
6.417942864105528056e-01
6.417942864105528056e-01
6.417942864105528056e-01
