9.908160294539246626e-01
9.984085097744401782e-01
7.097830401065684525e-01
7.358217070780679325e-01
4.327376733140195220e-02
7.515228681292923651e-01
9.906736082070295435e-01
9.845128252781167877e-01
7.024003071388180697e-01
9.906736082070295435e-01
7.686203629251063818e-01
9.984085097744401782e-01
1.493154916845800262e-01
9.908160294539246626e-01
9.673637795357835634e-01
9.983844569626909582e-01
9.798228437391328649e-01
9.841632154211835681e-01
2.823879466018822115e-02
7.097830401065684525e-01
9.983722424329893874e-01
1.740356513943376940e-02
9.984085097744401782e-01
9.984085097744401782e-01
7.808461028234028323e-01
9.907451487552630942e-01
9.908160294539246626e-01
9.980288840957227681e-01
7.048743231621351635e-01
3.210684894563847758e-01
9.995303564949827857e-01
9.908160294539246626e-01
9.907451487552630942e-01
9.908160294539246626e-01
9.859475876585848120e-01
9.908160294539246626e-01
2.729719782461745639e-02
9.984803731798683746e-01
1.295251576573402778e-02
2.223891969034597765e-02
9.984085097744401782e-01
1.223515558572714629e-01
9.908160294539246626e-01
2.818257680704980631e-02
9.835193999512916729e-01
9.908160294539246626e-01
9.908160294539246626e-01
7.580408323678886617e-01
9.665553663465150658e-01
9.879470993821375460e-03
9.908160294539246626e-01
1.285645091231816736e-02
7.686203629251063818e-01
9.983844569626909582e-01
9.653009290368244066e-01
9.908160294539246626e-01
1.016543654498970432e-02
9.908160294539246626e-01
9.906736082070295435e-01
9.863549488447217461e-01
7.335228641224370572e-01
9.853986428526808616e-01
9.908160294539246626e-01
9.984085097744401782e-01
2.281347969309878432e-02
9.836622240582778565e-01
9.908160294539246626e-01
9.908160294539246626e-01
9.983164432350825068e-01
9.984085097744401782e-01
1.095660780857943793e-02
9.983844569626909582e-01
6.169741825039108951e-01
9.908160294539246626e-01
9.908160294539246626e-01
9.866212899091240107e-01
9.984085097744401782e-01
9.962393802060051096e-01
9.984085097744401782e-01
9.961099441725186354e-01
2.729719782461745639e-02
1.831855739555787385e-02
9.969076374521681494e-01
2.925100402314249545e-02
9.844957181482565378e-01
9.908160294539246626e-01
9.984085097744401782e-01
9.984085097744401782e-01
9.908160294539246626e-01
9.983722424329893874e-01
9.984085097744401782e-01
7.558823261586409270e-01
1.219404468712190354e-01
9.984085097744401782e-01
3.208066722157035255e-01
9.908160294539246626e-01
9.984085097744401782e-01
9.907451487552630942e-01
9.802204223653020465e-01
9.852577054637861043e-01
9.984085097744401782e-01
9.908160294539246626e-01
1.546092200811846618e-02
9.984085097744401782e-01
7.580408323678886617e-01
9.667773987617336306e-01
1.219404468712190354e-01
9.967602729458417965e-01
9.908160294539246626e-01
9.907451487552630942e-01
9.907451487552630942e-01
9.883278788057101583e-01
9.977448415841885243e-01
2.814359861416423220e-02
2.814357967110221390e-02
9.908160294539246626e-01
9.908160294539246626e-01
1.556866101821412739e-02
9.984085097744401782e-01
3.415640015760539050e-02
9.908160294539246626e-01
9.907451487552630942e-01
9.908160294539246626e-01
9.812423721104339691e-01
9.983965463498254422e-01
9.908160294539246626e-01
9.982820390021598378e-01
3.210684894563847203e-01
1.550783260799369102e-02
9.958745530110260091e-01
9.152421354201063786e-02
6.949008403430947389e-01
6.769619051688940958e-01
4.275897795023136244e-02
9.908160294539246626e-01
2.818257680704980631e-02
9.984085097744401782e-01
9.748928802342613498e-01
8.744530960924697810e-03
9.862876579454158410e-01
9.933148577061365891e-01
9.908160294539246626e-01
9.831079495748720198e-01
9.995334286554360403e-01
1.378193221188133040e-02
7.515228681292923651e-01
6.923754657792028366e-01
6.999133449086253345e-01
2.791747728057111105e-02
9.984085097744401782e-01
9.908160294539246626e-01
9.908160294539246626e-01
9.908160294539246626e-01
9.698278310804845370e-01
9.908160294539246626e-01
5.363920419772028048e-01
9.908160294539246626e-01
9.995334304637639722e-01
9.316509705719894577e-03
9.391315990247556603e-03
9.976428416218201534e-01
9.957053930803956288e-01
4.458145738529909613e-02
9.984085097744401782e-01
9.908160294539246626e-01
9.854128061432877450e-01
1.095957816551655813e-02
9.984085097744401782e-01
7.218223623927360055e-01
9.961631709649483302e-01
9.908160294539246626e-01
9.977773861148792056e-01
9.973375346952693121e-01
1.416150488975718991e-01
9.984803731798683746e-01
3.221581469929730712e-01
1.423542338377275195e-02
9.984085097744401782e-01
7.493219583280171792e-01
7.944623469250886583e-01
9.984085097744401782e-01
9.980211745012378399e-01
6.448687937540240611e-01
9.906736082070295435e-01
7.808461028234028323e-01
9.984085097744401782e-01
1.547019984347296553e-02
9.908160294539246626e-01
3.210684487553872035e-01
9.908160294539246626e-01
1.516056716829919208e-02
9.908160294539246626e-01
3.914397457785106366e-02
2.729719782461745639e-02
9.951857805178245808e-01
2.814357967110221390e-02
9.624155897034926133e-01
9.907451487552630942e-01
9.908160294539246626e-01
9.908160294539246626e-01
8.109534571920212764e-01
2.925100402314249545e-02
9.984803731798683746e-01
7.727526068801562342e-01
9.908160294539246626e-01
9.964000724732671177e-01
9.908160294539246626e-01
9.856147468894436159e-01
7.665329198432407898e-01
9.964691556994530464e-01
9.907451487552630942e-01
9.908160294539246626e-01
4.079962037299291605e-02
3.221581877665417037e-01
9.980711453011673617e-01
9.964309521904962663e-01
9.984085097744401782e-01
9.824519259662135573e-01
2.814357967110221390e-02
9.774749559952522482e-01
9.978572793142702624e-01
9.984085097744401782e-01
9.908160294539246626e-01
7.170468455967120569e-01
9.984085097744401782e-01
3.210684894563847203e-01
2.737182136650953557e-02
2.799496294170187097e-02
9.819286551046574330e-01
9.983722424329893874e-01
3.023364617785770023e-02
3.210684487553872035e-01
9.984085097744401782e-01
1.219404468712190354e-01
1.141861009787333708e-02
9.994540609759497984e-01
1.109125284726033070e-02
9.984085097744401782e-01
9.446812535555968240e-03
9.664986024228261474e-01
9.907451487552630942e-01
9.984085097744401782e-01
7.288838155842696231e-01
9.908160294539246626e-01
9.908160294539246626e-01
9.984085097744401782e-01
9.908160294539246626e-01
1.459784974569449875e-02
1.350884488856281818e-01
9.970204648145691850e-01
9.908160294539246626e-01
9.846794629065033222e-01
6.743504227801579987e-01
3.529438266416012882e-01
9.853379876107832835e-01
4.312279740161176211e-02
2.726076094099480485e-02
9.908160294539246626e-01
9.906736082070295435e-01
9.908160294539246626e-01
3.221581469929730712e-01
9.908160294539246626e-01
6.164020957067933848e-02
9.907451487552630942e-01
9.908160294539246626e-01
9.984085097744401782e-01
1.106532850575215644e-02
9.984803731798683746e-01
7.024003071388180697e-01
1.564758373503565003e-02
1.411265598123333416e-02
1.177131645120952849e-02
9.908160294539246626e-01
9.907451487552630942e-01
9.936109110283971591e-01
2.791745850226008685e-02
9.906736082070295435e-01
9.908160294539246626e-01
9.952472967055504549e-01
7.580408323678886617e-01
9.984803731798683746e-01
8.376242135213408935e-02
9.967610515122369286e-01
9.908160294539246626e-01
1.195445845104027710e-01
2.704231630779611179e-02
9.908160294539246626e-01
9.751477783734449067e-01
9.977034972121995304e-01
6.421234597955511880e-01
9.908160294539246626e-01
6.898374741710314728e-01
9.966940231607124279e-01
9.826358937912366143e-01
6.376901397846497233e-01
9.984085097744401782e-01
9.908160294539246626e-01
9.908160294539246626e-01
9.726624331121747069e-01
9.973081255890910990e-01
9.908160294539246626e-01
9.914845187249755609e-01
9.856466897538523897e-01
7.558823261586409270e-01
9.908160294539246626e-01
2.729719782461745639e-02
9.883278788057101583e-01
1.169542405716256055e-02
6.503281181221477469e-01
9.984533087715109501e-01
7.363430872928694582e-01
7.867667766102967031e-01
2.814357967110221390e-02
9.610382850805898602e-01
2.814357967110221390e-02
9.908160294539246626e-01
2.704233451416529488e-02
2.726076094099480485e-02
9.984085097744401782e-01
3.992497256154282914e-02
9.984085097744401782e-01
9.980895198875903152e-01
9.983965463498254422e-01
8.819670144731431641e-03
9.908160294539246626e-01
9.908160294539246626e-01
1.248763533188193692e-01
9.984085097744401782e-01
6.393679276894893571e-01
9.838891731486912873e-01
9.984803731798683746e-01
8.881342170076224340e-03
7.493219583280171792e-01
1.506531263272830982e-02
9.819286535300255636e-01
9.984085097744401782e-01
7.777404639277861742e-01
9.907451487552630942e-01
9.675675794811028352e-01
7.403776892665669962e-01
1.307011611229982329e-01
9.908160294539246626e-01
9.984085097744401782e-01
9.946237069118478713e-01
6.395514841610490109e-01
9.735027480392356436e-01
2.726076094099480485e-02
9.984085097744401782e-01
9.984085097744401782e-01
9.951173894843061696e-01
9.673589189220886952e-01
9.984085097744401782e-01
9.984085097744401782e-01
9.908160294539246626e-01
9.866649530936146828e-01
9.908160294539246626e-01
3.273292915755661447e-02
9.984085097744401782e-01
9.866294938650028712e-01
9.908160294539246626e-01
9.983965463498254422e-01
9.983757496365359696e-01
2.726077930685062711e-02
9.535125443850327454e-01
9.777672646125205036e-01
9.984085097744401782e-01
1.441253884301538918e-02
9.984085097744401782e-01
9.984085097744401782e-01
9.984085097744401782e-01
1.643435070903909168e-01
7.048743231621351635e-01
9.908160294539246626e-01
9.908160294539246626e-01
3.883453750188600173e-01
8.305764487599469684e-03
1.385968180907844356e-02
1.043514118721617159e-02
3.221581877665417037e-01
9.976372115854692524e-01
9.908160294539246626e-01
9.908160294539246626e-01
2.791745850226008685e-02
9.983722424329893874e-01
4.319415470040036120e-02
9.880984605677254340e-01
3.907617706075934561e-02
9.908160294539246626e-01
9.984085097744401782e-01
7.644311981509330778e-01
9.970895081647402902e-01
9.984085097744401782e-01
1.219404468712190354e-01
9.908160294539246626e-01
9.908160294539246626e-01
2.716608386887368887e-02
9.825046888190045458e-01
9.984085097744401782e-01
9.631419639982827796e-01
9.756143556750656032e-01
9.906736082070295435e-01
9.836445188492181080e-01
7.448778770255793935e-01
1.179016499807160681e-02
5.490142620021042363e-01
9.984085097744401782e-01
9.908160294539246626e-01
9.984803731798683746e-01
7.944623469250886583e-01
9.907451487552630942e-01
1.392818677855895415e-01
9.908160294539246626e-01
9.043788353092467244e-03
6.769619051688940958e-01
9.984085097744401782e-01
1.223515558572714629e-01
9.984085097744401782e-01
9.984085097744401782e-01
9.907451487552630942e-01
9.984085097744401782e-01
9.984085097744401782e-01
1.271820233741381007e-02
9.870576828123418522e-01
9.984085097744401782e-01
9.971920359020164382e-01
9.984085097744401782e-01
9.908160294539246626e-01
9.984085097744401782e-01
4.282099834680500039e-02
1.394556161669778249e-01
9.907451487552630942e-01
9.984085097744401782e-01
9.980540226782537161e-01
3.529846655588847470e-01
1.559918193645067411e-02
9.984803731798683746e-01
9.914467326118446833e-01
9.906736082070295435e-01
9.981047203429368464e-01
9.984803731798683746e-01
9.908160294539246626e-01
1.312206370452449755e-01
9.983844569626909582e-01
9.907451487552630942e-01
3.529712229109432942e-01
9.984085097744401782e-01
9.958499966086925559e-01
9.977017051773093836e-01
4.343254112923448235e-02
1.572996951837409008e-02
3.208066722157035255e-01
2.791745850226008685e-02
9.984803731798683746e-01
9.908160294539246626e-01
9.984085097744401782e-01
9.980406006816933129e-01
9.984085097744401782e-01
9.908160294539246626e-01
9.908160294539246626e-01
9.676595748417616827e-01
9.983965463498254422e-01
9.984085097744401782e-01
9.983965463498254422e-01
9.677354584596028486e-01
2.729721624309433547e-02
9.976806201949208752e-01
9.970265262577844290e-01
9.908160294539246626e-01
7.448778770255793935e-01
8.367872430650976842e-03
7.981286003727532802e-03
9.984085097744401782e-01
3.997302846813569066e-02
2.929460157938561515e-01
9.984085097744401782e-01
9.984085097744401782e-01
9.908160294539246626e-01
1.165142915104793765e-02
7.768278249072764208e-01
9.958799227508802199e-01
9.908160294539246626e-01
9.907451487552630942e-01
9.983965463498254422e-01
1.470173819984987168e-02
9.907451487552630942e-01
9.908160294539246626e-01
9.907451487552630942e-01
9.906014079785699922e-01
4.327191482315911886e-02
1.219405265734571364e-01
3.484279531021505089e-02
2.818255780884646247e-02
9.983844569626909582e-01
9.984085097744401782e-01
9.870563762855051326e-01
2.729719782461745639e-02
9.966853288898656071e-01
7.493219583280171792e-01
9.642396536646538965e-03
7.335228641224370572e-01
9.984085097744401782e-01
9.041243864206302550e-02
6.058361745084602651e-02
1.660870209490513880e-02
3.210684894563847758e-01
9.979987334824665934e-01
9.984803731798683746e-01
1.209580558501976467e-02
4.649735071637621786e-01
9.984085097744401782e-01
9.908160294539246626e-01
9.984803731798683746e-01
9.978797813546503859e-01
1.476467463074067517e-02
5.276224844572816597e-01
9.908160294539246626e-01
9.984085097744401782e-01
9.984085097744401782e-01
1.329910535599528217e-02
9.984085097744401782e-01
9.908160294539246626e-01
7.097830401065684525e-01
1.404754027953296694e-02
1.399797953866483147e-01
6.503281181221477469e-01
9.984085097744401782e-01
1.032084571966736947e-02
9.908160294539246626e-01
3.125481340959145038e-02
9.771219506635134833e-01
9.716717657880321601e-01
9.908160294539246626e-01
9.901353224786547669e-01
9.934446329676465126e-01
7.679402421147546627e-03
9.984803731798683746e-01
1.411369229064084532e-02
1.122714551099632425e-02
9.908160294539246626e-01
7.261399249749356591e-03
2.726076094099480485e-02
9.908160294539246626e-01
9.984478559473062287e-01
1.081950947695741252e-02
9.984085097744401782e-01
9.676079710821371138e-03
7.048743231621351635e-01
7.288838155842696231e-01
9.913423016748961203e-01
1.247949920157825562e-02
9.984085097744401782e-01
9.908160294539246626e-01
2.726076094099480485e-02
4.036778812488661661e-02
9.908160294539246626e-01
7.265436265326067344e-01
3.535729551097496204e-01
9.908160294539246626e-01
1.558923418181456730e-02
6.393679276894893571e-01
1.477265502574474053e-02
9.861319507751150626e-01
9.907451487552630942e-01
2.726076094099480485e-02
9.824339183043486745e-01
2.942265556568712803e-02
9.982018123762834705e-01
9.984803731798683746e-01
9.907451487552630942e-01
9.815700670793229277e-01
9.984085097744401782e-01
7.925597068625037656e-01
9.908160294539246626e-01
9.907451487552630942e-01
9.908160294539246626e-01
6.949008403430947389e-01
9.983844569626909582e-01
9.983965463498254422e-01
1.423888830768925418e-02
9.908160294539246626e-01
7.048743231621351635e-01
9.908160294539246626e-01
9.907451487552630942e-01
9.908160294539246626e-01
1.219386972497593126e-02
9.984803731798683746e-01
9.977964456314294406e-01
9.984803731798683746e-01
3.907617706075934561e-02
5.132669013342886499e-01
9.984085097744401782e-01
9.970795927672405634e-01
9.908160294539246626e-01
1.562070290871203984e-02
9.908160294539246626e-01
9.907451487552630942e-01
9.984085097744401782e-01
9.669460020797916444e-01
9.963129061279260013e-01
9.777672646125205036e-01
9.838093544553802028e-01
9.983844569626909582e-01
9.984803731798683746e-01
9.890449033030124237e-01
6.664452368480100475e-01
9.908160294539246626e-01
9.907451487552630942e-01
9.984085097744401782e-01
8.037641261612031851e-01
4.297426545707271062e-02
7.312102508865511163e-01
2.814357967110221390e-02
9.907451487552630942e-01
9.908160294539246626e-01
9.907451487552630942e-01
1.478796374719978761e-02
7.992543829475909911e-01
9.908160294539246626e-01
9.908160294539246626e-01
6.923754657792028366e-01
9.984085097744401782e-01
9.633267173398966099e-01
9.984744871370303532e-01
1.271473047150360573e-02
9.976749000376879950e-01
9.983844569626909582e-01
9.994651557870906089e-01
9.976151777363534423e-01
1.219404468712190354e-01
9.612705877930676213e-01
6.949008403430947389e-01
7.343783004085597740e-03
9.906736082070295435e-01
1.042891813482130225e-02
9.984085097744401782e-01
7.706936038515111997e-01
9.104300332228176459e-03
9.914199839692864336e-01
9.908160294539246626e-01
9.070212823795728921e-03
9.982465342309178036e-01
9.984085097744401782e-01
9.984085097744401782e-01
9.984085097744401782e-01
9.823300202376969992e-01
5.221014624929607439e-01
9.908160294539246626e-01
9.984085097744401782e-01
9.983965463498254422e-01
9.983965463498254422e-01
1.412421327131402685e-02
2.783487051457634795e-02
2.901459638998345886e-02
9.778514463151295466e-01
9.984085097744401782e-01
6.198058178661084439e-01
9.908160294539246626e-01
2.729719782461745639e-02
4.616934870593020906e-02
9.907451487552630942e-01
9.908160294539246626e-01
7.194413441429371447e-01
9.908160294539246626e-01
9.767178514132730527e-01
9.984803731798683746e-01
9.908160294539246626e-01
1.182298140602548210e-02
9.908160294539246626e-01
9.984085097744401782e-01
9.984085097744401782e-01
9.907451487552630942e-01
7.275215014495621524e-02
9.659546408300004883e-01
9.908160294539246626e-01
9.908160294539246626e-01
9.362926863100570762e-03
9.908160294539246626e-01
9.981363390023919591e-01
9.966142870564718148e-01
9.907451487552630942e-01
2.370998466279965536e-02
7.426347857716517620e-01
9.984085097744401782e-01
9.984085097744401782e-01
4.376907482583639736e-02
9.908160294539246626e-01
9.908160294539246626e-01
7.194413441429371447e-01
5.359933732251943583e-01
9.982305141377539881e-01
9.984085097744401782e-01
9.974244908981469981e-01
9.983844569626909582e-01
9.907451487552630942e-01
7.623152731053596254e-01
9.893001418659017401e-03
1.306294566247195692e-02
9.907451487552630942e-01
9.768942443639156981e-01
9.846668134709851694e-01
9.908160294539246626e-01
9.984085097744401782e-01
7.867667766102967031e-01
9.984413326313916759e-01
9.908160294539246626e-01
9.968657775710315638e-01
9.908160294539246626e-01
4.002591481263459983e-01
6.421234597955511880e-01
9.984085097744401782e-01
9.984295585619225033e-01
1.140520933362045020e-02
9.914199839692864336e-01
9.723726987406715594e-01
9.984085097744401782e-01
9.906736082070295435e-01
2.726076094099480485e-02
1.723741431216135878e-02
7.665329198432407898e-01
7.768278249072764208e-01
9.761351541934786269e-01
9.967812370766164776e-01
9.984085097744401782e-01
9.984085097744401782e-01
9.908160294539246626e-01
9.984085097744401782e-01
7.024003071388180697e-01
1.087300629607618058e-01
2.795594341251399564e-02
1.365803871628676856e-02
3.530471640273485368e-01
8.500718563355529056e-02
2.729719782461745639e-02
9.908160294539246626e-01
9.995288831225891402e-01
7.218223623927360055e-01
1.268908484173271456e-02
1.561564042208361640e-02
9.829860442697508915e-01
9.906736082070295435e-01
7.241898046473728146e-01
9.958533995083790336e-01
9.976261884887634990e-01
9.984085097744401782e-01
1.970064481547001770e-02
7.727526068801562342e-01
1.124031903855834263e-02
7.381066429073031010e-01
9.984085097744401782e-01
1.349827313034510368e-01
9.908160294539246626e-01
9.984085097744401782e-01
1.223515558572714629e-01
9.908160294539246626e-01
6.743504227801579987e-01
9.984085097744401782e-01
1.045677031544088934e-02
9.974417078423346572e-01
9.984085097744401782e-01
9.908160294539246626e-01
1.186240936007324810e-02
9.984085097744401782e-01
9.764481512539480157e-01
1.358200869674121812e-02
7.768278249072764208e-01
9.980926007504865582e-01
9.705522413719805952e-01
9.908160294539246626e-01
1.219404468712190354e-01
9.984085097744401782e-01
9.976702741745753222e-01
9.984085097744401782e-01
9.982975725593088434e-01
2.791745850226008685e-02
2.814357967110221390e-02
7.727526068801562342e-01
3.529928821192205302e-01
7.073352463253801403e-01
9.948796298485773626e-01
7.848074587211530950e-01
9.848551541300561984e-01
9.877825582960898521e-01
9.908160294539246626e-01
2.791745850226008685e-02
1.218820208567684797e-02
9.907451487552630942e-01
8.197305307004839614e-01
3.218958427847267156e-01
9.908160294539246626e-01
1.491615910122092402e-02
9.832018634773279642e-01
9.980717600598664196e-01
9.969795799961813643e-01
7.665329198432407898e-01
9.984085097744401782e-01
9.908160294539246626e-01
1.190642968287734284e-02
9.984085097744401782e-01
9.955963682072821452e-01
6.366022941178426375e-01
9.908160294539246626e-01
9.674467195051165286e-03
9.984085097744401782e-01
2.704231630779611179e-02
9.984803731798683746e-01
1.293333484851555241e-02
9.984085097744401782e-01
9.908160294539246626e-01
9.907451487552630942e-01
9.983477990383315959e-01
1.330899178486631175e-02
9.907451487552630942e-01
6.421234597955511880e-01
9.984085097744401782e-01
9.908160294539246626e-01
9.983965463498254422e-01
9.907451487552630942e-01
9.908160294539246626e-01
7.381066429073031010e-01
2.729719782461745639e-02
1.182000817776751936e-02
9.674835795612991562e-01
1.439216668016644364e-02
9.984803731798683746e-01
1.143651361115025425e-02
9.983722424329893874e-01
9.908160294539246626e-01
9.983844569626909582e-01
2.791745850226008685e-02
6.717270778806114784e-01
1.351071047594029975e-02
9.983965463498254422e-01
9.984085097744401782e-01
9.976314877201403197e-01
9.984341822560333091e-01
1.972341274123397617e-02
6.530418176560572885e-01
8.038394651898235210e-01
7.558823261586409270e-01
9.984085097744401782e-01
9.797066434294114945e-01
7.493219583280171792e-01
9.597957627687812021e-01
1.200026733510419809e-02
9.772164005533721109e-01
7.493219583280171792e-01
4.319418589660212887e-02
9.908160294539246626e-01
9.983965463498254422e-01
9.908160294539246626e-01
9.977156493684290473e-01
9.984085097744401782e-01
9.984085097744401782e-01
9.908160294539246626e-01
7.448778770255793935e-01
9.984085097744401782e-01
9.984085097744401782e-01
9.850735185385364190e-01
2.704231630779611179e-02
4.980935235308110443e-01
9.848551532636958816e-01
9.983965463498254422e-01
9.935832389361606287e-01
9.908160294539246626e-01
9.907451487552630942e-01
9.907451487552630942e-01
4.312285221103058508e-02
9.979608984436657559e-01
9.772163999450269589e-01
9.834525852704425475e-01
9.983965463498254422e-01
1.385363935445488304e-02
9.984085097744401782e-01
9.974498928607248294e-01
7.161401921171899332e-01
9.908160294539246626e-01
9.804751685753179125e-01
9.908160294539246626e-01
1.736477881249893704e-02
4.887186711852375964e-02
9.908160294539246626e-01
1.312206370452449755e-01
9.907451487552630942e-01
9.908160294539246626e-01
9.984085097744401782e-01
9.885623448468580099e-01
9.959575559173028392e-01
9.908160294539246626e-01
8.087851120911496161e-03
9.984085097744401782e-01
3.532633379531520679e-01
9.907451487552630942e-01
9.985433343488150371e-01
9.908160294539246626e-01
7.706936038515111997e-01
1.296554536488824134e-02
9.956171279995660317e-01
2.814359861416423220e-02
9.581437447752657807e-03
1.279735723182078184e-02
9.982848237660970625e-01
7.312102508865511163e-01
7.265436265326067344e-01
9.983965463498254422e-01
9.984085097744401782e-01
9.906736082070295435e-01
2.791745850226008685e-02
8.954070589507955036e-02
9.984085097744401782e-01
9.984085097744401782e-01
7.122176269593289977e-01
7.335228641224370572e-01
9.984085097744401782e-01
4.457470663897896562e-02
9.908160294539246626e-01
9.983965463498254422e-01
9.956597087683214387e-01
6.393679276894893571e-01
9.850735185385364190e-01
7.448778770255793935e-01
2.726076094099480485e-02
6.999133449086253345e-01
9.650758407255590754e-01
9.908160294539246626e-01
1.173901967314306023e-02
7.644311981509330778e-01
9.908160294539246626e-01
9.908160294539246626e-01
9.908160294539246626e-01
9.908160294539246626e-01
2.111489644718830827e-02
9.908160294539246626e-01
9.552881440222205089e-01
4.312279740161176211e-02
9.984085097744401782e-01
9.725441578296929040e-03
9.984085097744401782e-01
9.951963473258109705e-01
9.908160294539246626e-01
9.592617635193843029e-01
1.219404468712190354e-01
6.664452368480100475e-01
9.953618421017615958e-01
2.905558907466518695e-02
9.908160294539246626e-01
9.983212062024525713e-01
6.949008403430947389e-01
6.503281181221477469e-01
9.669243291228097892e-01
7.073352463253801403e-01
9.933925076684987365e-01
2.814357967110221390e-02
1.296857947940089628e-01
7.623152731053596254e-01
9.983965463498254422e-01
1.270317634725757205e-01
7.804415190399378588e-01
9.981000600575048454e-01
9.984085097744401782e-01
6.410210273137223469e-01
9.907451487552630942e-01
8.836466927252532855e-03
9.984085097744401782e-01
9.908160294539246626e-01
6.119327936782896493e-02
9.908160294539246626e-01
1.192892108786226812e-02
9.995319197457034344e-01
9.983722424329893874e-01
1.313126119771427895e-02
5.387331621871579435e-01
7.714968646126140438e-03
9.984085097744401782e-01
1.628266452528950858e-01
9.984085097744401782e-01
9.908160294539246626e-01
9.691245761292043293e-01
9.907451487552630942e-01
9.908160294539246626e-01
9.908160294539246626e-01
9.950137944569026338e-01
9.984085097744401782e-01
1.039801624952231378e-02
9.984085097744401782e-01
9.907451487552630942e-01
1.337117774093555395e-02
9.907451487552630942e-01
9.984085097744401782e-01
9.974954280753579594e-01
9.984803731798683746e-01
9.972664850628982780e-01
9.984085097744401782e-01
1.592501210791724686e-02
9.954746474630181696e-01
9.675741390727217173e-01
6.664452368480100475e-01
7.558823261586409270e-01
9.995318674624007471e-01
6.872869781006107903e-01
9.983965463498254422e-01
9.838056462032829241e-01
9.907451487552630942e-01
9.908160294539246626e-01
9.719442898148328291e-01
9.908160294539246626e-01
9.843342416148352925e-01
9.976893321253058611e-01
6.795614281917532473e-01
9.908160294539246626e-01
1.692233965078118185e-01
9.974556935385539003e-01
9.984085097744401782e-01
1.567515201024580890e-02
9.984232394558737456e-01
9.983965463498254422e-01
9.908160294539246626e-01
9.780265367665178511e-01
9.965096570014575494e-01
1.279275933136689129e-02
9.907451487552630942e-01
9.983474249574413317e-01
9.983273806426550268e-01
7.073352463253801403e-01
9.210929394838484469e-03
6.440659724457004076e-02
9.984085097744401782e-01
1.308675929784787820e-02
9.983965463498254422e-01
9.984085097744401782e-01
9.980128409002376744e-01
1.068755185339606562e-02
9.720068928201359704e-01
5.985278947189422993e-01
9.789973173798933725e-01
9.907451487552630942e-01
9.984085097744401782e-01
9.983454759997152372e-01
9.984803731798683746e-01
9.908160294539246626e-01
9.908160294539246626e-01
9.907451487552630942e-01
7.644311981509330778e-01
9.908160294539246626e-01
9.908160294539246626e-01
9.984690158982343355e-01
9.907451487552630942e-01
1.582114211368998088e-02
8.698134473658623023e-01
9.984803731798683746e-01
9.984085097744401782e-01
9.984085097744401782e-01
1.285108903666501955e-02
9.907451487552630942e-01
7.170468455967120569e-01
9.908160294539246626e-01
9.908160294539246626e-01
9.984803731798683746e-01
1.303392456374460051e-01
9.908160294539246626e-01
9.984085097744401782e-01
9.983965463498254422e-01
4.913039696765340858e-02
9.853150180375307432e-01
9.913534047728665977e-01
6.769450805699323871e-03
6.949008403430947389e-01
9.908160294539246626e-01
7.194413441429371447e-01
1.139140193744543755e-01
1.219404468712190354e-01
9.983071809970448518e-01
9.984085097744401782e-01
1.403905853209602705e-02
9.692974558607948127e-03
2.205863049008249116e-02
9.984085097744401782e-01
9.908160294539246626e-01
9.908160294539246626e-01
9.908160294539246626e-01
2.791745850226008685e-02
9.908160294539246626e-01
1.219404468712190354e-01
9.835862046812831050e-01
7.146389183587515959e-01
9.908160294539246626e-01
9.824339193165789741e-01
9.984085097744401782e-01
9.833787371528471821e-01
9.908160294539246626e-01
9.983965463498254422e-01
9.908160294539246626e-01
9.908160294539246626e-01
1.219404468712190354e-01
9.984085097744401782e-01
4.282099834680500039e-02
9.983722424329893874e-01
9.984085097744401782e-01
1.262136200045657457e-02
9.977832451868394736e-01
1.051210122175084451e-02
6.847240613080712857e-01
1.152345982664925578e-02
8.115964425966099016e-03
9.995334434915551514e-01
9.852414529465689519e-01
9.908160294539246626e-01
9.984085097744401782e-01
9.984085097744401782e-01
9.799238695969425539e-01
9.834525847865772663e-01
9.697896772734725390e-01
9.983965463498254422e-01
4.282099834680500039e-02
1.315617750993398338e-01
5.358344091027112954e-01
9.831493631735025440e-01
9.908160294539246626e-01
2.729719782461745639e-02
9.984085097744401782e-01
1.111632870625503013e-02
1.388999525355409312e-02
1.398503807913523654e-02
1.108450309652638140e-02
9.906998358828326134e-01
9.907451487552630942e-01
1.435561157268843563e-02
1.257486442280593593e-02
6.338267202234212361e-01
9.908160294539246626e-01
9.980473579318280830e-01
2.296130592465296383e-01
1.150712435752510553e-02
9.908160294539246626e-01
9.908160294539246626e-01
9.906736082070295435e-01
2.704231630779611179e-02
9.908160294539246626e-01
9.972444441684717997e-01
9.908160294539246626e-01
9.804040868318852908e-01
9.908160294539246626e-01
9.906736082070295435e-01
9.995334320143831608e-01
7.448778770255793935e-01
9.984085097744401782e-01
9.992851975312746007e-03
9.907451487552630942e-01
9.908160294539246626e-01
7.705841936913948066e-03
9.984085097744401782e-01
3.907617706075934561e-02
4.304806290074319336e-02
9.984085097744401782e-01
9.682664687897504230e-01
9.907451487552630942e-01
9.983965463498254422e-01
1.299281766802665682e-02
9.784986687377948966e-01
6.690919715963139502e-01
9.982245949273595986e-01
4.170226865450930159e-02
2.533250498847343379e-02
6.503281181221477469e-01
3.210684894563847203e-01
9.965935032755619538e-01
9.907451487552630942e-01
9.051294998252279109e-03
9.908160294539246626e-01
9.984085097744401782e-01
9.984803731798683746e-01
1.318610647629149361e-02
1.496709151826070873e-02
9.984085097744401782e-01
9.984085097744401782e-01
9.789973173798933725e-01
9.984803731798683746e-01
9.810039795818742414e-01
2.277655115828458240e-02
9.983965463498254422e-01
1.093183285083275218e-02
9.908160294539246626e-01
9.808061173789864862e-01
9.984085097744401782e-01
9.655434970768588254e-01
9.908160294539246626e-01
7.768278249072764208e-01
1.543356536898000085e-02
9.954597080346931914e-01
1.284506312155698493e-01
9.983722424329893874e-01
7.890991411034255221e-02
9.908160294539246626e-01
6.503281181221477469e-01
9.907451487552630942e-01
3.218958427847267156e-01
1.000557436176532401e-02
1.551648928106357135e-02
9.908160294539246626e-01
9.907451487552630942e-01
9.908160294539246626e-01
