1.000000000000000000e+00
1.000000000000000000e+00
9.999999999903366188e-01
9.999999999994884092e-01
0.000000000000000000e+00
9.999999999999431566e-01
1.000000000000000000e+00
1.000000000000000000e+00
9.999999999794226824e-01
1.000000000000000000e+00
1.000000000000000000e+00
1.000000000000000000e+00
0.000000000000000000e+00
1.000000000000000000e+00
1.000000000000000000e+00
1.000000000000000000e+00
1.000000000000000000e+00
1.000000000000000000e+00
6.214256534644417683e-134
9.999999999903366188e-01
1.000000000000000000e+00
6.810583829583825871e-192
1.000000000000000000e+00
1.000000000000000000e+00
1.000000000000000000e+00
1.000000000000000000e+00
1.000000000000000000e+00
1.000000000000000000e+00
9.999999999839701559e-01
1.497352911893703701e-26
1.000000000000000000e+00
1.000000000000000000e+00
1.000000000000000000e+00
1.000000000000000000e+00
1.000000000000000000e+00
1.000000000000000000e+00
9.280326480179011613e-40
1.000000000000000000e+00
5.153536068440457995e-184
7.375811433256752021e-48
1.000000000000000000e+00
9.278340979554946986e-08
1.000000000000000000e+00
1.002505970966180919e-39
1.000000000000000000e+00
1.000000000000000000e+00
1.000000000000000000e+00
9.999999999999431566e-01
1.000000000000000000e+00
5.825200119658493019e-212
1.000000000000000000e+00
3.266118025312375481e-253
1.000000000000000000e+00
1.000000000000000000e+00
1.000000000000000000e+00
1.000000000000000000e+00
6.275275284030871757e-218
1.000000000000000000e+00
1.000000000000000000e+00
1.000000000000000000e+00
9.999999999993178790e-01
1.000000000000000000e+00
1.000000000000000000e+00
1.000000000000000000e+00
1.880437743401514924e-130
1.000000000000000000e+00
1.000000000000000000e+00
1.000000000000000000e+00
1.000000000000000000e+00
1.000000000000000000e+00
1.546706198883579969e-247
1.000000000000000000e+00
9.999999746153779290e-01
1.000000000000000000e+00
1.000000000000000000e+00
1.000000000000000000e+00
1.000000000000000000e+00
1.000000000000000000e+00
1.000000000000000000e+00
1.000000000000000000e+00
9.280326480179011613e-40
1.113230145635384644e-166
1.000000000000000000e+00
3.310170971459370013e-39
1.000000000000000000e+00
1.000000000000000000e+00
1.000000000000000000e+00
1.000000000000000000e+00
1.000000000000000000e+00
1.000000000000000000e+00
1.000000000000000000e+00
9.999999999999431566e-01
8.910688077289766562e-08
1.000000000000000000e+00
1.509971147819731004e-26
1.000000000000000000e+00
1.000000000000000000e+00
1.000000000000000000e+00
1.000000000000000000e+00
1.000000000000000000e+00
1.000000000000000000e+00
1.000000000000000000e+00
2.829620765636635753e-254
1.000000000000000000e+00
9.999999999999431566e-01
1.000000000000000000e+00
8.910688077289766562e-08
1.000000000000000000e+00
1.000000000000000000e+00
1.000000000000000000e+00
1.000000000000000000e+00
1.000000000000000000e+00
1.000000000000000000e+00
1.111260068592801770e-39
1.085831617650947454e-39
1.000000000000000000e+00
1.000000000000000000e+00
2.695231970251996969e-254
1.000000000000000000e+00
1.192651289942326800e-140
1.000000000000000000e+00
1.000000000000000000e+00
1.000000000000000000e+00
1.000000000000000000e+00
1.000000000000000000e+00
1.000000000000000000e+00
1.000000000000000000e+00
1.497352911893703701e-26
2.787419137602972642e-254
1.000000000000000000e+00
0.000000000000000000e+00
9.999999999568558451e-01
9.999999997708641786e-01
0.000000000000000000e+00
1.000000000000000000e+00
1.002505970966180919e-39
1.000000000000000000e+00
1.000000000000000000e+00
2.657630968397326348e-241
1.000000000000000000e+00
1.000000000000000000e+00
1.000000000000000000e+00
1.000000000000000000e+00
1.000000000000000000e+00
2.610473985724807974e-253
9.999999999999431566e-01
9.999999999449755705e-01
9.999999999736246536e-01
4.648679372512320868e-40
1.000000000000000000e+00
1.000000000000000000e+00
1.000000000000000000e+00
1.000000000000000000e+00
1.000000000000000000e+00
1.000000000000000000e+00
9.685589916334376159e-01
1.000000000000000000e+00
1.000000000000000000e+00
1.371475269161629253e-231
4.255475324643443782e-232
1.000000000000000000e+00
1.000000000000000000e+00
0.000000000000000000e+00
1.000000000000000000e+00
1.000000000000000000e+00
1.000000000000000000e+00
7.649520808388265320e-231
1.000000000000000000e+00
9.999999999973283593e-01
1.000000000000000000e+00
1.000000000000000000e+00
1.000000000000000000e+00
1.000000000000000000e+00
1.245542785517144014e-07
1.000000000000000000e+00
1.506873651140816248e-26
5.974120220528946397e-254
1.000000000000000000e+00
9.999999999998863132e-01
1.000000000000000000e+00
1.000000000000000000e+00
1.000000000000000000e+00
9.999999966881887303e-01
1.000000000000000000e+00
1.000000000000000000e+00
1.000000000000000000e+00
3.019740068138459718e-254
1.000000000000000000e+00
1.498920916607289684e-26
1.000000000000000000e+00
4.395984934462296792e-254
1.000000000000000000e+00
1.713636596394193107e-25
9.280326480179011613e-40
1.000000000000000000e+00
1.085831617650947454e-39
1.000000000000000000e+00
1.000000000000000000e+00
1.000000000000000000e+00
1.000000000000000000e+00
1.000000000000000000e+00
3.310170971459370013e-39
1.000000000000000000e+00
1.000000000000000000e+00
1.000000000000000000e+00
1.000000000000000000e+00
1.000000000000000000e+00
1.000000000000000000e+00
1.000000000000000000e+00
1.000000000000000000e+00
1.000000000000000000e+00
1.000000000000000000e+00
1.051629773343564773e-158
1.505297327800141686e-26
1.000000000000000000e+00
1.000000000000000000e+00
1.000000000000000000e+00
1.000000000000000000e+00
1.085831617650947454e-39
1.000000000000000000e+00
1.000000000000000000e+00
1.000000000000000000e+00
1.000000000000000000e+00
9.999999999955093699e-01
1.000000000000000000e+00
1.497352911893703701e-26
6.885131099032096820e-40
3.358676791459604631e-40
1.000000000000000000e+00
1.000000000000000000e+00
3.378655751948793758e-184
1.498920916607289684e-26
1.000000000000000000e+00
8.910688077289766562e-08
4.894492723450544290e-250
1.000000000000000000e+00
5.446318357055428722e-246
1.000000000000000000e+00
2.940259019862400767e-244
1.000000000000000000e+00
1.000000000000000000e+00
1.000000000000000000e+00
9.999999999988062882e-01
1.000000000000000000e+00
1.000000000000000000e+00
1.000000000000000000e+00
1.000000000000000000e+00
1.097165666786537659e-253
9.686644127942197514e-09
1.000000000000000000e+00
1.000000000000000000e+00
1.000000000000000000e+00
9.999999997110649019e-01
4.180162886563169655e-05
1.000000000000000000e+00
0.000000000000000000e+00
1.028859196467511276e-39
1.000000000000000000e+00
1.000000000000000000e+00
1.000000000000000000e+00
1.506873651140816248e-26
1.000000000000000000e+00
0.000000000000000000e+00
1.000000000000000000e+00
1.000000000000000000e+00
1.000000000000000000e+00
2.135487606472479390e-247
1.000000000000000000e+00
9.999999999794226824e-01
2.685665178892999314e-254
1.765669358687186469e-253
7.672980567430511261e-251
1.000000000000000000e+00
1.000000000000000000e+00
1.000000000000000000e+00
4.542398801012015499e-40
1.000000000000000000e+00
1.000000000000000000e+00
1.000000000000000000e+00
9.999999999999431566e-01
1.000000000000000000e+00
3.240362868967563682e-109
1.000000000000000000e+00
1.000000000000000000e+00
1.000000000000000000e+00
4.304286466882247863e-40
1.000000000000000000e+00
1.000000000000000000e+00
1.000000000000000000e+00
9.999999959082401801e-01
1.000000000000000000e+00
9.999999999299120645e-01
1.000000000000000000e+00
1.000000000000000000e+00
2.827096744700598018e-12
1.000000000000000000e+00
1.000000000000000000e+00
1.000000000000000000e+00
1.000000000000000000e+00
1.000000000000000000e+00
1.000000000000000000e+00
1.000000000000000000e+00
1.000000000000000000e+00
9.999999999999431566e-01
1.000000000000000000e+00
9.280326480179011613e-40
1.000000000000000000e+00
3.523732898843583252e-244
9.999999978415985424e-01
1.000000000000000000e+00
0.000000000000000000e+00
1.000000000000000000e+00
1.085831617650947454e-39
1.000000000000000000e+00
1.085831617650947454e-39
1.000000000000000000e+00
4.404997659287796593e-40
1.028859196467511276e-39
1.000000000000000000e+00
9.683542086044282266e-47
1.000000000000000000e+00
1.000000000000000000e+00
1.000000000000000000e+00
2.461142869451650194e-247
1.000000000000000000e+00
1.000000000000000000e+00
1.981483259782074006e-09
1.000000000000000000e+00
9.999999949533844301e-01
1.000000000000000000e+00
1.000000000000000000e+00
2.855641130012697537e-214
9.999999999998863132e-01
4.838419289822957215e-254
1.000000000000000000e+00
1.000000000000000000e+00
1.000000000000000000e+00
1.000000000000000000e+00
1.000000000000000000e+00
9.999999999997157829e-01
9.280816087143265544e-09
1.000000000000000000e+00
1.000000000000000000e+00
1.000000000000000000e+00
1.000000000000000000e+00
1.000000000000000000e+00
1.028859196467511276e-39
1.000000000000000000e+00
1.000000000000000000e+00
1.000000000000000000e+00
1.000000000000000000e+00
1.000000000000000000e+00
1.000000000000000000e+00
1.000000000000000000e+00
1.000000000000000000e+00
1.000000000000000000e+00
2.887591568748586565e-124
1.000000000000000000e+00
1.000000000000000000e+00
1.000000000000000000e+00
1.000000000000000000e+00
1.000000000000000000e+00
1.052953886253453443e-39
9.999997566349930755e-01
1.000000000000000000e+00
1.000000000000000000e+00
7.976985550735779792e-254
1.000000000000000000e+00
1.000000000000000000e+00
1.000000000000000000e+00
0.000000000000000000e+00
9.999999999839701559e-01
1.000000000000000000e+00
1.000000000000000000e+00
4.182231382972222985e-11
3.675475250464693893e-241
6.308053083874620887e-253
3.217609071167695089e-242
1.505297327800141686e-26
1.000000000000000000e+00
1.000000000000000000e+00
1.000000000000000000e+00
4.542398801012015499e-40
1.000000000000000000e+00
0.000000000000000000e+00
1.000000000000000000e+00
1.713450744309325509e-25
1.000000000000000000e+00
1.000000000000000000e+00
1.000000000000000000e+00
1.000000000000000000e+00
1.000000000000000000e+00
8.910688077289766562e-08
1.000000000000000000e+00
1.000000000000000000e+00
0.000000000000000000e+00
1.000000000000000000e+00
1.000000000000000000e+00
1.000000000000000000e+00
1.000000000000000000e+00
1.000000000000000000e+00
1.000000000000000000e+00
9.999999999998294697e-01
1.781783337953359245e-210
1.000000000000000000e+00
1.000000000000000000e+00
1.000000000000000000e+00
1.000000000000000000e+00
1.000000000000000000e+00
1.000000000000000000e+00
1.115858958357364629e-08
1.000000000000000000e+00
1.623319257783480842e-222
9.999999997708641786e-01
1.000000000000000000e+00
9.278340979554946986e-08
1.000000000000000000e+00
1.000000000000000000e+00
1.000000000000000000e+00
1.000000000000000000e+00
1.000000000000000000e+00
8.634494165663862755e-252
1.000000000000000000e+00
1.000000000000000000e+00
1.000000000000000000e+00
1.000000000000000000e+00
1.000000000000000000e+00
1.000000000000000000e+00
0.000000000000000000e+00
1.011597557839400145e-153
1.000000000000000000e+00
1.000000000000000000e+00
1.000000000000000000e+00
4.184438765074351054e-05
1.722225092275824505e-170
1.000000000000000000e+00
1.000000000000000000e+00
1.000000000000000000e+00
1.000000000000000000e+00
1.000000000000000000e+00
1.000000000000000000e+00
7.937774752033315665e-09
1.000000000000000000e+00
1.000000000000000000e+00
4.176585983003049612e-05
1.000000000000000000e+00
1.000000000000000000e+00
1.000000000000000000e+00
0.000000000000000000e+00
2.587764377628230469e-254
1.509971147819731004e-26
4.542398801012015499e-40
1.000000000000000000e+00
1.000000000000000000e+00
1.000000000000000000e+00
1.000000000000000000e+00
1.000000000000000000e+00
1.000000000000000000e+00
1.000000000000000000e+00
1.000000000000000000e+00
1.000000000000000000e+00
1.000000000000000000e+00
1.000000000000000000e+00
1.000000000000000000e+00
9.497998769016645027e-40
1.000000000000000000e+00
1.000000000000000000e+00
1.000000000000000000e+00
9.999999999998294697e-01
4.926520510106251676e-230
1.556536324655127513e-238
1.000000000000000000e+00
2.456597206693110020e-257
1.952089762247606728e-70
1.000000000000000000e+00
1.000000000000000000e+00
1.000000000000000000e+00
4.667558847340831996e-248
1.000000000000000000e+00
1.000000000000000000e+00
1.000000000000000000e+00
1.000000000000000000e+00
1.000000000000000000e+00
1.061268286659576676e-253
1.000000000000000000e+00
1.000000000000000000e+00
1.000000000000000000e+00
1.000000000000000000e+00
0.000000000000000000e+00
9.134867543030174212e-08
2.609924943456021067e-147
9.795312527883107587e-40
1.000000000000000000e+00
1.000000000000000000e+00
1.000000000000000000e+00
9.280326480179011613e-40
1.000000000000000000e+00
9.999999999998863132e-01
2.103379005814937673e-239
9.999999999993178790e-01
1.000000000000000000e+00
1.493299594843520578e-13
7.150478208650008642e-130
1.715390825498514026e-154
1.497352911893703701e-26
1.000000000000000000e+00
1.000000000000000000e+00
3.177029520667923350e-250
9.986681295801655978e-01
1.000000000000000000e+00
1.000000000000000000e+00
1.000000000000000000e+00
1.000000000000000000e+00
5.401023884125130124e-254
1.518677381189550178e-67
1.000000000000000000e+00
1.000000000000000000e+00
1.000000000000000000e+00
6.938820467653530814e-253
1.000000000000000000e+00
1.000000000000000000e+00
9.999999999903366188e-01
1.535541550608780194e-253
9.585794556716531672e-09
9.999999978415985424e-01
1.000000000000000000e+00
2.967912098020989797e-247
1.000000000000000000e+00
6.499657505759892580e-134
1.000000000000000000e+00
1.000000000000000000e+00
1.000000000000000000e+00
1.000000000000000000e+00
1.000000000000000000e+00
8.838284967165975515e-234
1.000000000000000000e+00
3.020603679196192507e-253
2.881146483075561240e-244
1.000000000000000000e+00
0.000000000000000000e+00
1.028859196467511276e-39
1.000000000000000000e+00
1.000000000000000000e+00
3.539097857179598502e-224
1.000000000000000000e+00
4.292577388166244679e-239
9.999999999839701559e-01
9.999999999988062882e-01
1.000000000000000000e+00
4.573607646975104998e-252
1.000000000000000000e+00
1.000000000000000000e+00
1.028859196467511276e-39
1.810826895315287911e-25
1.000000000000000000e+00
9.999999999984083843e-01
4.150407720581879268e-05
1.000000000000000000e+00
2.709752039775221565e-254
9.999999949533844301e-01
6.398676535846968992e-254
1.000000000000000000e+00
1.000000000000000000e+00
1.028859196467511276e-39
1.000000000000000000e+00
5.858051103054467766e-160
1.000000000000000000e+00
1.000000000000000000e+00
1.000000000000000000e+00
1.000000000000000000e+00
1.000000000000000000e+00
1.000000000000000000e+00
1.000000000000000000e+00
1.000000000000000000e+00
1.000000000000000000e+00
9.999999999568558451e-01
1.000000000000000000e+00
1.000000000000000000e+00
1.060964543726700937e-253
1.000000000000000000e+00
9.999999999839701559e-01
1.000000000000000000e+00
1.000000000000000000e+00
1.000000000000000000e+00
4.530693166471925158e-251
1.000000000000000000e+00
1.000000000000000000e+00
1.000000000000000000e+00
1.713450744309325509e-25
0.000000000000000000e+00
1.000000000000000000e+00
1.000000000000000000e+00
1.000000000000000000e+00
3.202860913089240905e-254
1.000000000000000000e+00
1.000000000000000000e+00
1.000000000000000000e+00
1.000000000000000000e+00
1.000000000000000000e+00
1.000000000000000000e+00
1.000000000000000000e+00
1.000000000000000000e+00
1.000000000000000000e+00
1.000000000000000000e+00
9.999999994265067471e-01
1.000000000000000000e+00
1.000000000000000000e+00
1.000000000000000000e+00
1.000000000000000000e+00
0.000000000000000000e+00
9.999999999990905053e-01
1.085831617650947454e-39
1.000000000000000000e+00
1.000000000000000000e+00
1.000000000000000000e+00
1.021639315674681893e-256
1.000000000000000000e+00
1.000000000000000000e+00
1.000000000000000000e+00
9.999999999449755705e-01
1.000000000000000000e+00
1.000000000000000000e+00
1.000000000000000000e+00
1.856927541699665641e-236
1.000000000000000000e+00
1.000000000000000000e+00
1.000000000000000000e+00
1.000000000000000000e+00
8.910688077289766562e-08
1.000000000000000000e+00
9.999999999568558451e-01
5.697349196288791969e-243
1.000000000000000000e+00
2.560904112916974136e-246
1.000000000000000000e+00
1.000000000000000000e+00
8.403992442244944495e-236
1.000000000000000000e+00
1.000000000000000000e+00
3.594296119233626150e-227
1.000000000000000000e+00
1.000000000000000000e+00
1.000000000000000000e+00
1.000000000000000000e+00
1.000000000000000000e+00
0.000000000000000000e+00
1.000000000000000000e+00
1.000000000000000000e+00
1.000000000000000000e+00
1.000000000000000000e+00
5.421484155612234919e-252
2.636194978885522307e-206
1.391938276822923514e-39
1.000000000000000000e+00
1.000000000000000000e+00
9.999999791294842399e-01
1.000000000000000000e+00
9.280326480179011613e-40
0.000000000000000000e+00
1.000000000000000000e+00
1.000000000000000000e+00
9.999999999965325514e-01
1.000000000000000000e+00
1.000000000000000000e+00
1.000000000000000000e+00
1.000000000000000000e+00
5.922591758373910954e-253
1.000000000000000000e+00
1.000000000000000000e+00
1.000000000000000000e+00
1.000000000000000000e+00
0.000000000000000000e+00
1.000000000000000000e+00
1.000000000000000000e+00
1.000000000000000000e+00
2.796881028857775661e-239
1.000000000000000000e+00
1.000000000000000000e+00
1.000000000000000000e+00
1.000000000000000000e+00
1.252368116318721636e-128
9.999999999997726263e-01
1.000000000000000000e+00
1.000000000000000000e+00
0.000000000000000000e+00
1.000000000000000000e+00
1.000000000000000000e+00
9.999999999965325514e-01
3.249641015699693923e-150
1.000000000000000000e+00
1.000000000000000000e+00
1.000000000000000000e+00
1.000000000000000000e+00
1.000000000000000000e+00
1.000000000000000000e+00
6.367536051565154394e-238
1.788606979269940740e-252
1.000000000000000000e+00
1.000000000000000000e+00
1.000000000000000000e+00
1.000000000000000000e+00
1.000000000000000000e+00
1.000000000000000000e+00
1.000000000000000000e+00
1.000000000000000000e+00
1.000000000000000000e+00
1.000000000000000000e+00
9.997091992044458975e-01
9.999999959082401801e-01
1.000000000000000000e+00
1.000000000000000000e+00
1.060814119860934214e-241
1.000000000000000000e+00
1.000000000000000000e+00
1.000000000000000000e+00
1.000000000000000000e+00
1.028859196467511276e-39
7.737844622461905220e-158
1.000000000000000000e+00
1.000000000000000000e+00
1.000000000000000000e+00
1.000000000000000000e+00
1.000000000000000000e+00
1.000000000000000000e+00
1.000000000000000000e+00
1.000000000000000000e+00
9.999999999794226824e-01
1.000000000000000000e+00
4.183100978044819119e-40
1.269011226505624832e-253
4.170343941437971682e-05
1.327999065236545124e-14
9.280326480179011613e-40
1.000000000000000000e+00
1.000000000000000000e+00
9.999999999973283593e-01
2.493957863333469961e-251
2.708528767731693171e-254
1.000000000000000000e+00
1.000000000000000000e+00
9.999999999979536369e-01
1.000000000000000000e+00
1.000000000000000000e+00
1.000000000000000000e+00
5.957944321331490948e-149
1.000000000000000000e+00
1.038893420371221850e-247
9.999999999996020961e-01
1.000000000000000000e+00
9.947283504843702365e-09
1.000000000000000000e+00
1.000000000000000000e+00
9.278340979554946986e-08
1.000000000000000000e+00
9.999999997110649019e-01
1.000000000000000000e+00
5.386378263622815547e-211
1.000000000000000000e+00
1.000000000000000000e+00
1.000000000000000000e+00
2.966702391559175208e-250
1.000000000000000000e+00
1.000000000000000000e+00
2.570919452765196502e-253
1.000000000000000000e+00
1.000000000000000000e+00
1.000000000000000000e+00
1.000000000000000000e+00
8.910688077289766562e-08
1.000000000000000000e+00
1.000000000000000000e+00
1.000000000000000000e+00
1.000000000000000000e+00
4.542398801012015499e-40
1.085831617650947454e-39
1.000000000000000000e+00
4.163827894705895001e-05
9.999999999875512913e-01
1.000000000000000000e+00
1.000000000000000000e+00
1.000000000000000000e+00
1.000000000000000000e+00
1.000000000000000000e+00
4.542398801012015499e-40
1.413158541388650723e-252
1.000000000000000000e+00
0.000000000000000000e+00
1.517967850296696114e-26
1.000000000000000000e+00
7.487764642153182852e-254
1.000000000000000000e+00
1.000000000000000000e+00
1.000000000000000000e+00
1.000000000000000000e+00
1.000000000000000000e+00
1.000000000000000000e+00
2.496747891056433966e-217
1.000000000000000000e+00
1.000000000000000000e+00
9.999999937863890409e-01
1.000000000000000000e+00
1.411755905190974345e-215
1.000000000000000000e+00
4.304286466882247863e-40
1.000000000000000000e+00
2.116606185009704635e-253
1.000000000000000000e+00
1.000000000000000000e+00
1.000000000000000000e+00
1.000000000000000000e+00
2.207443095236237123e-177
1.000000000000000000e+00
9.999999959082401801e-01
1.000000000000000000e+00
1.000000000000000000e+00
1.000000000000000000e+00
1.000000000000000000e+00
1.000000000000000000e+00
9.999999999996020961e-01
9.280326480179011613e-40
5.970283332817213284e-253
1.000000000000000000e+00
1.604233477492336164e-253
1.000000000000000000e+00
1.324102303097336168e-244
1.000000000000000000e+00
1.000000000000000000e+00
1.000000000000000000e+00
4.542398801012015499e-40
9.999999996363158061e-01
9.796548672220123534e-253
1.000000000000000000e+00
1.000000000000000000e+00
1.000000000000000000e+00
1.000000000000000000e+00
5.505354326889247569e-155
9.999999982620124683e-01
1.000000000000000000e+00
9.999999999999431566e-01
1.000000000000000000e+00
1.000000000000000000e+00
9.999999999998863132e-01
1.000000000000000000e+00
8.875926280297287504e-252
1.000000000000000000e+00
9.999999999998863132e-01
0.000000000000000000e+00
1.000000000000000000e+00
1.000000000000000000e+00
1.000000000000000000e+00
1.000000000000000000e+00
1.000000000000000000e+00
1.000000000000000000e+00
1.000000000000000000e+00
9.999999999998294697e-01
1.000000000000000000e+00
1.000000000000000000e+00
1.000000000000000000e+00
4.304286466882247863e-40
9.999866366244883897e-01
1.000000000000000000e+00
1.000000000000000000e+00
1.000000000000000000e+00
1.000000000000000000e+00
1.000000000000000000e+00
1.000000000000000000e+00
0.000000000000000000e+00
1.000000000000000000e+00
1.000000000000000000e+00
1.000000000000000000e+00
1.000000000000000000e+00
3.410069534544999779e-253
1.000000000000000000e+00
1.000000000000000000e+00
1.000000000000000000e+00
1.000000000000000000e+00
1.000000000000000000e+00
1.000000000000000000e+00
1.888961549639135169e-161
5.319176768061844366e-108
1.000000000000000000e+00
7.937774752033315665e-09
1.000000000000000000e+00
1.000000000000000000e+00
1.000000000000000000e+00
1.000000000000000000e+00
1.000000000000000000e+00
1.000000000000000000e+00
6.436007398169540989e-218
1.000000000000000000e+00
4.174156579794037914e-05
1.000000000000000000e+00
1.000000000000000000e+00
1.000000000000000000e+00
1.000000000000000000e+00
1.957876120841410743e-251
1.000000000000000000e+00
1.111260068592801770e-39
9.220481624374075274e-218
3.209494434665423632e-251
1.000000000000000000e+00
9.999999999990905053e-01
9.999999999984083843e-01
1.000000000000000000e+00
1.000000000000000000e+00
1.000000000000000000e+00
4.542398801012015499e-40
1.102142000105977649e-13
1.000000000000000000e+00
1.000000000000000000e+00
9.999999999924966687e-01
9.999999999993178790e-01
1.000000000000000000e+00
0.000000000000000000e+00
1.000000000000000000e+00
1.000000000000000000e+00
1.000000000000000000e+00
9.999999949533844301e-01
1.000000000000000000e+00
9.999999999998294697e-01
1.028859196467511276e-39
9.999999999736246536e-01
1.000000000000000000e+00
1.000000000000000000e+00
4.218873200870603399e-250
1.000000000000000000e+00
1.000000000000000000e+00
1.000000000000000000e+00
1.000000000000000000e+00
1.000000000000000000e+00
4.701736226821768386e-183
1.000000000000000000e+00
1.000000000000000000e+00
0.000000000000000000e+00
1.000000000000000000e+00
1.157125467689799778e-241
1.000000000000000000e+00
1.000000000000000000e+00
1.000000000000000000e+00
1.000000000000000000e+00
8.910688077289766562e-08
9.999999994265067471e-01
1.000000000000000000e+00
1.165407883601832243e-39
1.000000000000000000e+00
1.000000000000000000e+00
9.999999999568558451e-01
9.999999978415985424e-01
1.000000000000000000e+00
9.999999999875512913e-01
1.000000000000000000e+00
1.085831617650947454e-39
1.015923264135258180e-07
1.000000000000000000e+00
1.000000000000000000e+00
7.724350637944433497e-09
1.000000000000000000e+00
1.000000000000000000e+00
1.000000000000000000e+00
1.000000000000000000e+00
1.000000000000000000e+00
8.947748089376166945e-221
1.000000000000000000e+00
1.000000000000000000e+00
1.011105485028689273e-42
1.000000000000000000e+00
7.255785746649489580e-253
1.000000000000000000e+00
1.000000000000000000e+00
6.751256709394384094e-208
9.829834167498723296e-01
7.545957137405920422e-238
1.000000000000000000e+00
9.710412039182078903e-51
1.000000000000000000e+00
1.000000000000000000e+00
1.000000000000000000e+00
1.000000000000000000e+00
1.000000000000000000e+00
1.000000000000000000e+00
1.000000000000000000e+00
1.000000000000000000e+00
5.451985157009785224e-243
1.000000000000000000e+00
1.000000000000000000e+00
3.088568188257476352e-250
1.000000000000000000e+00
1.000000000000000000e+00
1.000000000000000000e+00
1.000000000000000000e+00
1.000000000000000000e+00
1.000000000000000000e+00
1.949132414370471503e-261
1.000000000000000000e+00
1.000000000000000000e+00
9.999999994265067471e-01
9.999999999999431566e-01
1.000000000000000000e+00
9.999999999108695192e-01
1.000000000000000000e+00
1.000000000000000000e+00
1.000000000000000000e+00
1.000000000000000000e+00
1.000000000000000000e+00
1.000000000000000000e+00
1.000000000000000000e+00
1.000000000000000000e+00
9.999999998186126504e-01
1.000000000000000000e+00
7.823072593922435461e-165
1.000000000000000000e+00
1.000000000000000000e+00
2.915495897896010943e-152
1.000000000000000000e+00
1.000000000000000000e+00
1.000000000000000000e+00
1.000000000000000000e+00
1.000000000000000000e+00
6.187984279788601159e-253
1.000000000000000000e+00
1.000000000000000000e+00
1.000000000000000000e+00
9.999999999875512913e-01
1.697784428778864892e-214
0.000000000000000000e+00
1.000000000000000000e+00
4.406768853088629526e-204
1.000000000000000000e+00
1.000000000000000000e+00
1.000000000000000000e+00
2.445092269245059176e-245
1.000000000000000000e+00
3.012191685605391702e-19
1.000000000000000000e+00
1.000000000000000000e+00
1.000000000000000000e+00
1.000000000000000000e+00
1.000000000000000000e+00
1.000000000000000000e+00
1.000000000000000000e+00
1.000000000000000000e+00
1.000000000000000000e+00
1.000000000000000000e+00
1.000000000000000000e+00
1.000000000000000000e+00
1.000000000000000000e+00
2.476244637916640218e-254
1.000000000000000000e+00
1.000000000000000000e+00
1.000000000000000000e+00
1.000000000000000000e+00
1.713460916846562896e-251
1.000000000000000000e+00
9.999999999955093699e-01
1.000000000000000000e+00
1.000000000000000000e+00
1.000000000000000000e+00
0.000000000000000000e+00
1.000000000000000000e+00
1.000000000000000000e+00
1.000000000000000000e+00
2.206265795916226354e-244
1.000000000000000000e+00
1.000000000000000000e+00
1.218611397635401787e-239
9.999999999568558451e-01
1.000000000000000000e+00
9.999999999965325514e-01
3.729408821294145291e-220
8.910688077289766562e-08
1.000000000000000000e+00
1.000000000000000000e+00
1.016889094807404995e-179
0.000000000000000000e+00
2.644165096500386889e-44
1.000000000000000000e+00
1.000000000000000000e+00
1.000000000000000000e+00
1.000000000000000000e+00
4.542398801012015499e-40
1.000000000000000000e+00
8.910688077289766562e-08
1.000000000000000000e+00
9.999999999942019713e-01
1.000000000000000000e+00
1.000000000000000000e+00
1.000000000000000000e+00
1.000000000000000000e+00
1.000000000000000000e+00
1.000000000000000000e+00
1.000000000000000000e+00
1.000000000000000000e+00
8.910688077289766562e-08
1.000000000000000000e+00
0.000000000000000000e+00
1.000000000000000000e+00
1.000000000000000000e+00
1.182350220727358595e-247
1.000000000000000000e+00
5.144729827905361762e-244
9.999999998868815965e-01
2.276216853841833295e-249
1.855405998000375965e-220
1.000000000000000000e+00
1.000000000000000000e+00
1.000000000000000000e+00
1.000000000000000000e+00
1.000000000000000000e+00
1.000000000000000000e+00
1.000000000000000000e+00
1.000000000000000000e+00
1.000000000000000000e+00
0.000000000000000000e+00
7.571529225604800522e-09
9.697128832044619173e-01
1.000000000000000000e+00
1.000000000000000000e+00
9.280326480179011613e-40
1.000000000000000000e+00
4.011446472865875861e-243
2.087367513991863550e-253
1.427465251664554095e-253
1.450052593502853872e-242
1.000000000000000000e+00
1.000000000000000000e+00
7.080114914790081872e-254
0.000000000000000000e+00
9.999999923627456155e-01
1.000000000000000000e+00
1.000000000000000000e+00
0.000000000000000000e+00
1.315459224241153647e-189
1.000000000000000000e+00
1.000000000000000000e+00
1.000000000000000000e+00
4.304286466882247863e-40
1.000000000000000000e+00
1.000000000000000000e+00
1.000000000000000000e+00
1.000000000000000000e+00
1.000000000000000000e+00
1.000000000000000000e+00
1.000000000000000000e+00
9.999999999998294697e-01
1.000000000000000000e+00
1.072933228342076686e-242
1.000000000000000000e+00
1.000000000000000000e+00
3.582852644276921413e-224
1.000000000000000000e+00
1.713450744309325509e-25
0.000000000000000000e+00
1.000000000000000000e+00
1.000000000000000000e+00
1.000000000000000000e+00
1.000000000000000000e+00
4.620279298135034891e-251
1.000000000000000000e+00
9.999999995429220689e-01
1.000000000000000000e+00
1.946834776011946523e-25
6.113689890215335051e-187
9.999999978415985424e-01
1.497352911893703701e-26
1.000000000000000000e+00
1.000000000000000000e+00
2.434661483265415282e-247
1.000000000000000000e+00
1.000000000000000000e+00
1.000000000000000000e+00
3.150234079414098886e-252
4.324184603673975248e-254
1.000000000000000000e+00
1.000000000000000000e+00
1.000000000000000000e+00
1.000000000000000000e+00
1.000000000000000000e+00
8.148170922058115222e-170
1.000000000000000000e+00
1.546740016833073906e-221
1.000000000000000000e+00
1.000000000000000000e+00
1.000000000000000000e+00
1.000000000000000000e+00
1.000000000000000000e+00
1.000000000000000000e+00
3.011580460377369295e-254
1.000000000000000000e+00
0.000000000000000000e+00
1.000000000000000000e+00
1.060697437143866253e-306
1.000000000000000000e+00
9.999999978415985424e-01
1.000000000000000000e+00
1.517967850296696114e-26
1.226770312784800920e-218
2.954690833183954615e-254
1.000000000000000000e+00
1.000000000000000000e+00
1.000000000000000000e+00
