8.515444993972778320e-01
8.627877235412597656e-01
8.019912838935852051e-01
8.044870495796203613e-01
6.719434857368469238e-01
8.060339689254760742e-01
8.514410257339477539e-01
8.242931962013244629e-01
8.012965321540832520e-01
8.514410257339477539e-01
8.077723979949951172e-01
8.627877235412597656e-01
7.097200155258178711e-01
8.515444993972778320e-01
8.115094900131225586e-01
8.628166317939758301e-01
8.200467228889465332e-01
8.214866518974304199e-01
6.428527235984802246e-01
8.019912838935852051e-01
8.628307580947875977e-01
6.055618524551391602e-01
8.627877235412597656e-01
8.627877235412597656e-01
8.090527653694152832e-01
8.514935374259948730e-01
8.515444993972778320e-01
8.347716331481933594e-01
8.015286326408386230e-01
7.286370992660522461e-01
8.204009532928466797e-01
8.515444993972778320e-01
8.514935374259948730e-01
8.515444993972778320e-01
8.255962729454040527e-01
8.515444993972778320e-01
6.616665124893188477e-01
8.628001213073730469e-01
5.360835194587707520e-01
6.489222049713134766e-01
8.627877235412597656e-01
7.412422895431518555e-01
8.515444993972778320e-01
6.626651287078857422e-01
8.200843334197998047e-01
8.515444993972778320e-01
8.515444993972778320e-01
8.066900968551635742e-01
8.134502768516540527e-01
5.311198830604553223e-01
8.515444993972778320e-01
4.049542248249053955e-01
8.077723979949951172e-01
8.628166317939758301e-01
8.099331259727478027e-01
8.515444993972778320e-01
4.819734990596771240e-01
8.515444993972778320e-01
8.514410257339477539e-01
8.266736865043640137e-01
8.042631745338439941e-01
8.246871829032897949e-01
8.515444993972778320e-01
8.627877235412597656e-01
6.449217796325683594e-01
8.199414014816284180e-01
8.515444993972778320e-01
8.515444993972778320e-01
8.353373408317565918e-01
8.627877235412597656e-01
4.247723817825317383e-01
8.628166317939758301e-01
7.935948371887207031e-01
8.515444993972778320e-01
8.515444993972778320e-01
8.314017057418823242e-01
8.627877235412597656e-01
8.322801589965820312e-01
8.627877235412597656e-01
8.318773508071899414e-01
6.616665124893188477e-01
6.039851903915405273e-01
8.332465887069702148e-01
6.641204953193664551e-01
8.252844810485839844e-01
8.515444993972778320e-01
8.627877235412597656e-01
8.627877235412597656e-01
8.515444993972778320e-01
8.628307580947875977e-01
8.627877235412597656e-01
8.064719438552856445e-01
7.410333156585693359e-01
8.627877235412597656e-01
7.286593317985534668e-01
8.515444993972778320e-01
8.627877235412597656e-01
8.514935374259948730e-01
8.175036311149597168e-01
8.237419724464416504e-01
8.627877235412597656e-01
8.515444993972778320e-01
4.007458686828613281e-01
8.627877235412597656e-01
8.066900968551635742e-01
8.127205967903137207e-01
7.410333156585693359e-01
8.340895771980285645e-01
8.515444993972778320e-01
8.514935374259948730e-01
8.514935374259948730e-01
8.285004496574401855e-01
8.325140476226806641e-01
6.625992655754089355e-01
6.625979542732238770e-01
8.515444993972778320e-01
8.515444993972778320e-01
4.012343585491180420e-01
8.627877235412597656e-01
6.432699561119079590e-01
8.515444993972778320e-01
8.514935374259948730e-01
8.515444993972778320e-01
8.212290406227111816e-01
8.628023266792297363e-01
8.515444993972778320e-01
8.353835940361022949e-01
7.286370992660522461e-01
4.009540081024169922e-01
8.359936475753784180e-01
7.014557719230651855e-01
8.005979061126708984e-01
7.989509701728820801e-01
6.696662306785583496e-01
8.515444993972778320e-01
6.626651287078857422e-01
8.627877235412597656e-01
8.176600933074951172e-01
4.460276365280151367e-01
8.263783454895019531e-01
8.286569714546203613e-01
8.515444993972778320e-01
8.222256302833557129e-01
8.211539387702941895e-01
4.054841995239257812e-01
8.060339689254760742e-01
8.003643155097961426e-01
8.010638356208801270e-01
6.619989275932312012e-01
8.627877235412597656e-01
8.515444993972778320e-01
8.515444993972778320e-01
8.515444993972778320e-01
8.129990100860595703e-01
8.515444993972778320e-01
7.305325865745544434e-01
8.515444993972778320e-01
8.211551904678344727e-01
4.714492261409759521e-01
4.561174511909484863e-01
8.319115042686462402e-01
8.309400677680969238e-01
6.713925004005432129e-01
8.627877235412597656e-01
8.515444993972778320e-01
8.254438042640686035e-01
4.587407410144805908e-01
8.627877235412597656e-01
8.031349778175354004e-01
8.281380534172058105e-01
8.515444993972778320e-01
8.359656333923339844e-01
8.343027830123901367e-01
7.454085946083068848e-01
8.628001213073730469e-01
7.287648320198059082e-01
4.029429852962493896e-01
8.627877235412597656e-01
8.058145046234130859e-01
8.105171322822570801e-01
8.627877235412597656e-01
8.344945311546325684e-01
7.960625886917114258e-01
8.514410257339477539e-01
8.090527653694152832e-01
8.627877235412597656e-01
4.008904397487640381e-01
8.515444993972778320e-01
7.286371588706970215e-01
8.515444993972778320e-01
4.031124413013458252e-01
8.515444993972778320e-01
6.858162283897399902e-01
6.616665124893188477e-01
8.389577269554138184e-01
6.625979542732238770e-01
8.083426356315612793e-01
8.514935374259948730e-01
8.515444993972778320e-01
8.515444993972778320e-01
8.123589754104614258e-01
6.641204953193664551e-01
8.628001213073730469e-01
8.082016706466674805e-01
8.515444993972778320e-01
8.298287987709045410e-01
8.515444993972778320e-01
8.234871029853820801e-01
8.075570464134216309e-01
8.302081227302551270e-01
8.514935374259948730e-01
8.515444993972778320e-01
6.531686782836914062e-01
7.287648320198059082e-01
8.347451090812683105e-01
8.330100774765014648e-01
8.627877235412597656e-01
8.187516927719116211e-01
6.625979542732238770e-01
8.165054917335510254e-01
8.348367810249328613e-01
8.627877235412597656e-01
8.515444993972778320e-01
8.026795983314514160e-01
8.627877235412597656e-01
7.286370992660522461e-01
6.617930531501770020e-01
6.621248722076416016e-01
8.234878182411193848e-01
8.628307580947875977e-01
6.482160091400146484e-01
7.286371588706970215e-01
8.627877235412597656e-01
7.410333156585693359e-01
4.128336310386657715e-01
8.339016437530517578e-01
4.302317798137664795e-01
8.627877235412597656e-01
4.335873723030090332e-01
8.144613504409790039e-01
8.514935374259948730e-01
8.627877235412597656e-01
8.038137555122375488e-01
8.515444993972778320e-01
8.515444993972778320e-01
8.627877235412597656e-01
8.515444993972778320e-01
4.047959446907043457e-01
7.291002869606018066e-01
8.314543962478637695e-01
8.515444993972778320e-01
8.238919973373413086e-01
7.987135052680969238e-01
7.041999697685241699e-01
8.251337409019470215e-01
6.702587604522705078e-01
6.616013050079345703e-01
8.515444993972778320e-01
8.514410257339477539e-01
8.515444993972778320e-01
7.287648320198059082e-01
8.515444993972778320e-01
6.839643716812133789e-01
8.514935374259948730e-01
8.515444993972778320e-01
8.627877235412597656e-01
4.235675930976867676e-01
8.628001213073730469e-01
8.012965321540832520e-01
4.009625017642974854e-01
4.060469865798950195e-01
4.110999703407287598e-01
8.515444993972778320e-01
8.514935374259948730e-01
8.321892619132995605e-01
6.619976162910461426e-01
8.514410257339477539e-01
8.515444993972778320e-01
8.338698744773864746e-01
8.066900968551635742e-01
8.628001213073730469e-01
7.121903300285339355e-01
8.633106946945190430e-01
8.515444993972778320e-01
7.066137790679931641e-01
6.610024571418762207e-01
8.515444993972778320e-01
8.144741058349609375e-01
8.321130871772766113e-01
7.958182096481323242e-01
8.515444993972778320e-01
8.001301288604736328e-01
8.283674716949462891e-01
8.216181993484497070e-01
7.523561716079711914e-01
8.627877235412597656e-01
8.515444993972778320e-01
8.515444993972778320e-01
8.179818987846374512e-01
8.339941501617431641e-01
8.515444993972778320e-01
8.283580541610717773e-01
8.253656029701232910e-01
8.064719438552856445e-01
8.515444993972778320e-01
6.616665124893188477e-01
8.285004496574401855e-01
4.312667548656463623e-01
7.965497374534606934e-01
8.348416090011596680e-01
7.326313853263854980e-01
8.096827864646911621e-01
6.625979542732238770e-01
8.096210360527038574e-01
6.625979542732238770e-01
8.515444993972778320e-01
6.610038876533508301e-01
6.616013050079345703e-01
8.627877235412597656e-01
6.865624785423278809e-01
8.627877235412597656e-01
8.323923945426940918e-01
8.628023266792297363e-01
4.277010858058929443e-01
8.515444993972778320e-01
8.515444993972778320e-01
7.464369535446166992e-01
8.627877235412597656e-01
7.955732345581054688e-01
8.250924944877624512e-01
8.628001213073730469e-01
4.857496321201324463e-01
8.058145046234130859e-01
4.033816158771514893e-01
8.234860897064208984e-01
8.627877235412597656e-01
7.860502004623413086e-01
8.514935374259948730e-01
8.119160532951354980e-01
8.049320578575134277e-01
7.286976575851440430e-01
8.515444993972778320e-01
8.627877235412597656e-01
8.287423849105834961e-01
7.662098407745361328e-01
8.142725229263305664e-01
6.616013050079345703e-01
8.627877235412597656e-01
8.627877235412597656e-01
8.311086297035217285e-01
8.138220310211181641e-01
8.627877235412597656e-01
8.627877235412597656e-01
8.515444993972778320e-01
8.223558068275451660e-01
8.515444993972778320e-01
6.614786982536315918e-01
8.627877235412597656e-01
8.233330845832824707e-01
8.515444993972778320e-01
8.628023266792297363e-01
8.320794105529785156e-01
6.616026759147644043e-01
8.026760220527648926e-01
8.196058869361877441e-01
8.627877235412597656e-01
4.044201970100402832e-01
8.627877235412597656e-01
8.627877235412597656e-01
8.627877235412597656e-01
7.168101072311401367e-01
8.015286326408386230e-01
8.515444993972778320e-01
8.515444993972778320e-01
7.217912077903747559e-01
4.491863548755645752e-01
4.091341197490692139e-01
4.340256750583648682e-01
7.287648320198059082e-01
8.325271606445312500e-01
8.515444993972778320e-01
8.515444993972778320e-01
6.619976162910461426e-01
8.628307580947875977e-01
6.710962057113647461e-01
8.273339867591857910e-01
6.856995224952697754e-01
8.515444993972778320e-01
8.627877235412597656e-01
8.073411583900451660e-01
8.305025100708007812e-01
8.627877235412597656e-01
7.410333156585693359e-01
8.515444993972778320e-01
8.515444993972778320e-01
6.284671425819396973e-01
8.200646638870239258e-01
8.627877235412597656e-01
8.092518448829650879e-01
8.157019019126892090e-01
8.514410257339477539e-01
8.241794705390930176e-01
8.053748607635498047e-01
5.669152736663818359e-01
7.930261492729187012e-01
8.627877235412597656e-01
8.515444993972778320e-01
8.628001213073730469e-01
8.105171322822570801e-01
8.514935374259948730e-01
7.303134202957153320e-01
8.515444993972778320e-01
4.649826884269714355e-01
7.989509701728820801e-01
8.627877235412597656e-01
7.412422895431518555e-01
8.627877235412597656e-01
8.627877235412597656e-01
8.514935374259948730e-01
8.627877235412597656e-01
8.627877235412597656e-01
4.136855006217956543e-01
8.257176876068115234e-01
8.627877235412597656e-01
8.311940431594848633e-01
8.627877235412597656e-01
8.515444993972778320e-01
8.627877235412597656e-01
6.704943180084228516e-01
6.939296722412109375e-01
8.514935374259948730e-01
8.627877235412597656e-01
8.326464295387268066e-01
7.042076587677001953e-01
5.941975712776184082e-01
8.628001213073730469e-01
8.274484872817993164e-01
8.514410257339477539e-01
8.344401717185974121e-01
8.628001213073730469e-01
8.515444993972778320e-01
7.273334860801696777e-01
8.628166317939758301e-01
8.514935374259948730e-01
7.041971087455749512e-01
8.627877235412597656e-01
8.304138183593750000e-01
8.312782049179077148e-01
6.707375049591064453e-01
4.007776379585266113e-01
7.286593317985534668e-01
6.619976162910461426e-01
8.628001213073730469e-01
8.515444993972778320e-01
8.627877235412597656e-01
8.334065675735473633e-01
8.627877235412597656e-01
8.515444993972778320e-01
8.515444993972778320e-01
8.154950737953186035e-01
8.628023266792297363e-01
8.627877235412597656e-01
8.628023266792297363e-01
8.110492825508117676e-01
6.616678833961486816e-01
8.346024155616760254e-01
8.311752080917358398e-01
8.515444993972778320e-01
8.053748607635498047e-01
4.802901446819305420e-01
4.569623470306396484e-01
8.627877235412597656e-01
6.541169285774230957e-01
7.558500766754150391e-01
8.627877235412597656e-01
8.627877235412597656e-01
8.515444993972778320e-01
4.225156903266906738e-01
8.086287379264831543e-01
8.307414650917053223e-01
8.515444993972778320e-01
8.514935374259948730e-01
8.628023266792297363e-01
4.042955636978149414e-01
8.514935374259948730e-01
8.515444993972778320e-01
8.514935374259948730e-01
8.513876795768737793e-01
6.712176799774169922e-01
7.410346865653991699e-01
6.543863415718078613e-01
6.626636981964111328e-01
8.628166317939758301e-01
8.627877235412597656e-01
8.267410397529602051e-01
6.616665124893188477e-01
8.325718641281127930e-01
8.058145046234130859e-01
4.397866129875183105e-01
8.042631745338439941e-01
8.627877235412597656e-01
7.149244546890258789e-01
6.918714642524719238e-01
6.165670156478881836e-01
7.286370992660522461e-01
8.318020701408386230e-01
8.628001213073730469e-01
4.165508151054382324e-01
7.537916898727416992e-01
8.627877235412597656e-01
8.515444993972778320e-01
8.628001213073730469e-01
8.339664340019226074e-01
4.035435020923614502e-01
7.503141760826110840e-01
8.515444993972778320e-01
8.627877235412597656e-01
8.627877235412597656e-01
4.080360829830169678e-01
8.627877235412597656e-01
8.515444993972778320e-01
8.019912838935852051e-01
4.047098457813262939e-01
7.286841273307800293e-01
7.965497374534606934e-01
8.627877235412597656e-01
4.262777566909790039e-01
8.515444993972778320e-01
6.523815989494323730e-01
8.178184628486633301e-01
8.177115917205810547e-01
8.515444993972778320e-01
8.274601697921752930e-01
8.325623273849487305e-01
4.610485136508941650e-01
8.628001213073730469e-01
4.070482254028320312e-01
4.344612061977386475e-01
8.515444993972778320e-01
4.287724494934082031e-01
6.616013050079345703e-01
8.515444993972778320e-01
8.331475853919982910e-01
5.115579962730407715e-01
8.627877235412597656e-01
4.367822706699371338e-01
8.015286326408386230e-01
8.038137555122375488e-01
8.293672204017639160e-01
4.072018265724182129e-01
8.627877235412597656e-01
8.515444993972778320e-01
6.616013050079345703e-01
6.866995692253112793e-01
8.515444993972778320e-01
8.035881519317626953e-01
7.042157053947448730e-01
8.515444993972778320e-01
4.009096026420593262e-01
7.955732345581054688e-01
4.041007459163665771e-01
8.267402648925781250e-01
8.514935374259948730e-01
6.616013050079345703e-01
8.209076523780822754e-01
6.272614002227783203e-01
8.343577384948730469e-01
8.628001213073730469e-01
8.514935374259948730e-01
8.208574652671813965e-01
8.627877235412597656e-01
8.103091120719909668e-01
8.515444993972778320e-01
8.514935374259948730e-01
8.515444993972778320e-01
8.005979061126708984e-01
8.628166317939758301e-01
8.628023266792297363e-01
4.030976295471191406e-01
8.515444993972778320e-01
8.015286326408386230e-01
8.515444993972778320e-01
8.514935374259948730e-01
8.515444993972778320e-01
4.147099256515502930e-01
8.628001213073730469e-01
8.308213949203491211e-01
8.628001213073730469e-01
6.856995224952697754e-01
7.290379405021667480e-01
8.627877235412597656e-01
8.315142989158630371e-01
8.515444993972778320e-01
4.024811685085296631e-01
8.515444993972778320e-01
8.514935374259948730e-01
8.627877235412597656e-01
8.106799125671386719e-01
8.313524723052978516e-01
8.196058869361877441e-01
8.247935175895690918e-01
8.628166317939758301e-01
8.628001213073730469e-01
8.240423202514648438e-01
7.979977726936340332e-01
8.515444993972778320e-01
8.514935374259948730e-01
8.627877235412597656e-01
8.115473985671997070e-01
6.700204610824584961e-01
8.040387630462646484e-01
6.625979542732238770e-01
8.514935374259948730e-01
8.515444993972778320e-01
8.514935374259948730e-01
4.182316362857818604e-01
7.744464874267578125e-01
8.515444993972778320e-01
8.515444993972778320e-01
8.003643155097961426e-01
8.627877235412597656e-01
8.087332844734191895e-01
8.338808417320251465e-01
4.541862905025482178e-01
8.312806487083435059e-01
8.628166317939758301e-01
8.221933841705322266e-01
8.343170881271362305e-01
7.410333156585693359e-01
8.088133335113525391e-01
8.005979061126708984e-01
4.468002915382385254e-01
8.514410257339477539e-01
4.276189208030700684e-01
8.627877235412597656e-01
8.079873323440551758e-01
4.626492261886596680e-01
8.523971438407897949e-01
8.515444993972778320e-01
4.608080983161926270e-01
8.354246616363525391e-01
8.627877235412597656e-01
8.627877235412597656e-01
8.627877235412597656e-01
8.205463886260986328e-01
7.291222214698791504e-01
8.515444993972778320e-01
8.627877235412597656e-01
8.628023266792297363e-01
8.628023266792297363e-01
4.118075072765350342e-01
6.189914941787719727e-01
6.635219454765319824e-01
8.208958506584167480e-01
8.627877235412597656e-01
7.938427329063415527e-01
8.515444993972778320e-01
6.616665124893188477e-01
6.748845577239990234e-01
8.514935374259948730e-01
8.515444993972778320e-01
8.029075264930725098e-01
8.515444993972778320e-01
8.163353800773620605e-01
8.628001213073730469e-01
8.515444993972778320e-01
4.063945710659027100e-01
8.515444993972778320e-01
8.627877235412597656e-01
8.627877235412597656e-01
8.514935374259948730e-01
6.682677268981933594e-01
8.111665844917297363e-01
8.515444993972778320e-01
8.515444993972778320e-01
4.370923340320587158e-01
8.515444993972778320e-01
8.329411745071411133e-01
8.299211859703063965e-01
8.514935374259948730e-01
6.482162475585937500e-01
8.051537275314331055e-01
8.627877235412597656e-01
8.627877235412597656e-01
6.726824045181274414e-01
8.515444993972778320e-01
8.515444993972778320e-01
8.029075264930725098e-01
7.303711771965026855e-01
8.328526616096496582e-01
8.627877235412597656e-01
8.348906636238098145e-01
8.628166317939758301e-01
8.514935374259948730e-01
8.071246743202209473e-01
4.411163032054901123e-01
4.066131114959716797e-01
8.514935374259948730e-01
8.252750635147094727e-01
8.227773308753967285e-01
8.515444993972778320e-01
8.627877235412597656e-01
8.096827864646911621e-01
8.331506252288818359e-01
8.515444993972778320e-01
8.340976834297180176e-01
8.515444993972778320e-01
7.738683819770812988e-01
7.958182096481323242e-01
8.627877235412597656e-01
8.340342640876770020e-01
4.349999725818634033e-01
8.523971438407897949e-01
8.173950314521789551e-01
8.627877235412597656e-01
8.514410257339477539e-01
6.616013050079345703e-01
5.976815819740295410e-01
8.075570464134216309e-01
8.086286783218383789e-01
8.196544647216796875e-01
8.310521841049194336e-01
8.627877235412597656e-01
8.627877235412597656e-01
8.515444993972778320e-01
8.627877235412597656e-01
8.012965321540832520e-01
7.041308879852294922e-01
6.620635986328125000e-01
4.038899540901184082e-01
7.042178511619567871e-01
7.132347822189331055e-01
6.616665124893188477e-01
8.515444993972778320e-01
8.212990164756774902e-01
8.031349778175354004e-01
4.120185375213623047e-01
4.008435308933258057e-01
8.207032084465026855e-01
8.514410257339477539e-01
8.033618330955505371e-01
8.313735723495483398e-01
8.322226405143737793e-01
8.627877235412597656e-01
6.289234161376953125e-01
8.082016706466674805e-01
4.213870763778686523e-01
8.047098517417907715e-01
8.627877235412597656e-01
7.293715476989746094e-01
8.515444993972778320e-01
8.627877235412597656e-01
7.412422895431518555e-01
8.515444993972778320e-01
7.987135052680969238e-01
8.627877235412597656e-01
4.954823851585388184e-01
8.328319191932678223e-01
8.627877235412597656e-01
8.515444993972778320e-01
4.177515804767608643e-01
8.627877235412597656e-01
8.171316385269165039e-01
4.056640565395355225e-01
8.086286783218383789e-01
8.355589509010314941e-01
8.145337104797363281e-01
8.515444993972778320e-01
7.410333156585693359e-01
8.627877235412597656e-01
8.319097161293029785e-01
8.627877235412597656e-01
8.333230614662170410e-01
6.619976162910461426e-01
6.625979542732238770e-01
8.082016706466674805e-01
7.041996717453002930e-01
8.017602562904357910e-01
8.299506306648254395e-01
8.094733953475952148e-01
8.231511116027832031e-01
8.257301449775695801e-01
8.515444993972778320e-01
6.619976162910461426e-01
4.086700677871704102e-01
8.514935374259948730e-01
7.938874363899230957e-01
7.287870049476623535e-01
8.515444993972778320e-01
4.048163592815399170e-01
8.225641846656799316e-01
8.335813283920288086e-01
8.301770091056823730e-01
8.075570464134216309e-01
8.627877235412597656e-01
8.515444993972778320e-01
4.853191375732421875e-01
8.627877235412597656e-01
8.311728239059448242e-01
7.953277230262756348e-01
8.515444993972778320e-01
4.854272902011871338e-01
8.627877235412597656e-01
6.610024571418762207e-01
8.628001213073730469e-01
4.144989252090454102e-01
8.627877235412597656e-01
8.515444993972778320e-01
8.514935374259948730e-01
8.332988023757934570e-01
5.786579847335815430e-01
8.514935374259948730e-01
7.958182096481323242e-01
8.627877235412597656e-01
8.515444993972778320e-01
8.628023266792297363e-01
8.514935374259948730e-01
8.515444993972778320e-01
8.047098517417907715e-01
6.616665124893188477e-01
4.071699976921081543e-01
8.151676058769226074e-01
4.064848124980926514e-01
8.628001213073730469e-01
4.343220889568328857e-01
8.628307580947875977e-01
8.515444993972778320e-01
8.628166317939758301e-01
6.619976162910461426e-01
7.984754443168640137e-01
4.088031351566314697e-01
8.628023266792297363e-01
8.627877235412597656e-01
8.316004276275634766e-01
8.354247212409973145e-01
6.005176305770874023e-01
7.967925667762756348e-01
7.900109291076660156e-01
8.064719438552856445e-01
8.627877235412597656e-01
8.196911811828613281e-01
8.058145046234130859e-01
8.099747300148010254e-01
4.125831425189971924e-01
8.202791810035705566e-01
8.058145046234130859e-01
6.710976362228393555e-01
8.515444993972778320e-01
8.628023266792297363e-01
8.515444993972778320e-01
8.340167999267578125e-01
8.627877235412597656e-01
8.627877235412597656e-01
8.515444993972778320e-01
8.053748607635498047e-01
8.627877235412597656e-01
8.627877235412597656e-01
8.254621028900146484e-01
6.610024571418762207e-01
7.839798927307128906e-01
8.231505751609802246e-01
8.628023266792297363e-01
8.288294672966003418e-01
8.515444993972778320e-01
8.514935374259948730e-01
8.514935374259948730e-01
6.702585220336914062e-01
8.339477181434631348e-01
8.202815651893615723e-01
8.245412111282348633e-01
8.628023266792297363e-01
4.057025313377380371e-01
8.627877235412597656e-01
8.317813277244567871e-01
7.832952141761779785e-01
8.515444993972778320e-01
8.220385909080505371e-01
8.515444993972778320e-01
5.921577811241149902e-01
7.110564112663269043e-01
8.515444993972778320e-01
7.273334860801696777e-01
8.514935374259948730e-01
8.515444993972778320e-01
8.627877235412597656e-01
8.287024497985839844e-01
8.382441997528076172e-01
8.515444993972778320e-01
4.856176972389221191e-01
8.627877235412597656e-01
7.042434811592102051e-01
8.514935374259948730e-01
8.349354267120361328e-01
8.515444993972778320e-01
8.079872727394104004e-01
4.102503359317779541e-01
8.305491209030151367e-01
6.625992655754089355e-01
5.067033171653747559e-01
4.155060946941375732e-01
8.339766860008239746e-01
8.040387630462646484e-01
8.035881519317626953e-01
8.628023266792297363e-01
8.627877235412597656e-01
8.514410257339477539e-01
6.619976162910461426e-01
7.143467068672180176e-01
8.627877235412597656e-01
8.627877235412597656e-01
8.022217750549316406e-01
8.042631745338439941e-01
8.627877235412597656e-01
6.739228963851928711e-01
8.515444993972778320e-01
8.628023266792297363e-01
8.302589058876037598e-01
7.955732345581054688e-01
8.254621028900146484e-01
8.053748607635498047e-01
6.616013050079345703e-01
8.010638356208801270e-01
8.095044493675231934e-01
8.515444993972778320e-01
4.185115993022918701e-01
8.073411583900451660e-01
8.515444993972778320e-01
8.515444993972778320e-01
8.515444993972778320e-01
8.515444993972778320e-01
5.718117952346801758e-01
8.515444993972778320e-01
8.054680824279785156e-01
6.702587604522705078e-01
8.627877235412597656e-01
4.383951425552368164e-01
8.627877235412597656e-01
8.294880986213684082e-01
8.515444993972778320e-01
8.067002296447753906e-01
7.410333156585693359e-01
7.979977726936340332e-01
8.296859860420227051e-01
6.635901927947998047e-01
8.515444993972778320e-01
8.347749710083007812e-01
8.005979061126708984e-01
7.965497374534606934e-01
8.121864795684814453e-01
8.017602562904357910e-01
8.273655176162719727e-01
6.625979542732238770e-01
7.428842186927795410e-01
8.071246743202209473e-01
8.628023266792297363e-01
7.266591787338256836e-01
7.710112929344177246e-01
8.323605060577392578e-01
8.627877235412597656e-01
7.806735038757324219e-01
8.514935374259948730e-01
4.745790958404541016e-01
8.627877235412597656e-01
8.515444993972778320e-01
6.785171627998352051e-01
8.515444993972778320e-01
4.069580733776092529e-01
8.211961388587951660e-01
8.628307580947875977e-01
5.023305416107177734e-01
7.314108014106750488e-01
4.619064927101135254e-01
8.627877235412597656e-01
7.508515119552612305e-01
8.627877235412597656e-01
8.515444993972778320e-01
8.135229945182800293e-01
8.514935374259948730e-01
8.515444993972778320e-01
8.515444993972778320e-01
8.307062983512878418e-01
8.627877235412597656e-01
4.360264837741851807e-01
8.627877235412597656e-01
8.514935374259948730e-01
4.203472435474395752e-01
8.514935374259948730e-01
8.627877235412597656e-01
8.334310650825500488e-01
8.628001213073730469e-01
8.309261202812194824e-01
8.627877235412597656e-01
4.043226838111877441e-01
8.332024812698364258e-01
8.130913376808166504e-01
7.979977726936340332e-01
8.064719438552856445e-01
8.203505873680114746e-01
7.998954057693481445e-01
8.628023266792297363e-01
8.215821981430053711e-01
8.514935374259948730e-01
8.515444993972778320e-01
8.149383664131164551e-01
8.515444993972778320e-01
8.225361108779907227e-01
8.357148170471191406e-01
7.991878986358642578e-01
8.515444993972778320e-01
7.249882221221923828e-01
8.340194225311279297e-01
8.627877235412597656e-01
5.958364009857177734e-01
8.348950147628784180e-01
8.628023266792297363e-01
8.515444993972778320e-01
8.192172050476074219e-01
8.345016837120056152e-01
4.076571762561798096e-01
8.514935374259948730e-01
8.628574609756469727e-01
8.321480154991149902e-01
8.017602562904357910e-01
4.869405031204223633e-01
6.844142079353332520e-01
8.627877235412597656e-01
5.229343771934509277e-01
8.628023266792297363e-01
8.627877235412597656e-01
8.330213427543640137e-01
4.310712218284606934e-01
8.176442980766296387e-01
8.110287189483642578e-01
8.186666965484619141e-01
8.514935374259948730e-01
8.627877235412597656e-01
8.336061239242553711e-01
8.628001213073730469e-01
8.515444993972778320e-01
8.515444993972778320e-01
8.514935374259948730e-01
8.073411583900451660e-01
8.515444993972778320e-01
8.515444993972778320e-01
8.628159165382385254e-01
8.514935374259948730e-01
4.006954431533813477e-01
7.856248021125793457e-01
8.628001213073730469e-01
8.627877235412597656e-01
8.627877235412597656e-01
4.142128527164459229e-01
8.514935374259948730e-01
8.026795983314514160e-01
8.515444993972778320e-01
8.515444993972778320e-01
8.628001213073730469e-01
4.790716767311096191e-01
8.515444993972778320e-01
8.627877235412597656e-01
8.628023266792297363e-01
6.648622155189514160e-01
8.253941535949707031e-01
8.523523807525634766e-01
4.912147223949432373e-01
8.005979061126708984e-01
8.515444993972778320e-01
8.029075264930725098e-01
6.719498038291931152e-01
7.410333156585693359e-01
8.345041871070861816e-01
8.627877235412597656e-01
5.723850727081298828e-01
4.628597497940063477e-01
6.474384069442749023e-01
8.627877235412597656e-01
8.515444993972778320e-01
8.515444993972778320e-01
8.515444993972778320e-01
6.619976162910461426e-01
8.515444993972778320e-01
7.410333156585693359e-01
8.265291452407836914e-01
8.024510741233825684e-01
8.515444993972778320e-01
8.209082484245300293e-01
8.627877235412597656e-01
8.221355676651000977e-01
8.515444993972778320e-01
8.628023266792297363e-01
8.515444993972778320e-01
8.515444993972778320e-01
7.410333156585693359e-01
8.627877235412597656e-01
6.704943180084228516e-01
8.628307580947875977e-01
8.627877235412597656e-01
4.246402978897094727e-01
8.324908018112182617e-01
4.342384934425354004e-01
7.996601462364196777e-01
4.164016246795654297e-01
4.809468984603881836e-01
8.211682438850402832e-01
8.258850574493408203e-01
8.515444993972778320e-01
8.627877235412597656e-01
8.627877235412597656e-01
8.214358687400817871e-01
8.245400190353393555e-01
8.113244771957397461e-01
8.628023266792297363e-01
6.704943180084228516e-01
7.265093326568603516e-01
7.310640811920166016e-01
8.202117681503295898e-01
8.515444993972778320e-01
6.616665124893188477e-01
8.627877235412597656e-01
4.373725950717926025e-01
4.064922630786895752e-01
4.045501947402954102e-01
4.354571402072906494e-01
8.514547348022460938e-01
8.514935374259948730e-01
4.022148847579956055e-01
5.588055253028869629e-01
7.950816154479980469e-01
8.515444993972778320e-01
8.350282311439514160e-01
6.986171007156372070e-01
5.255883932113647461e-01
8.515444993972778320e-01
8.515444993972778320e-01
8.514410257339477539e-01
6.610024571418762207e-01
8.515444993972778320e-01
8.354064226150512695e-01
8.515444993972778320e-01
8.203861117362976074e-01
8.515444993972778320e-01
8.514410257339477539e-01
8.211567997932434082e-01
8.053748607635498047e-01
8.627877235412597656e-01
4.332496821880340576e-01
8.514935374259948730e-01
8.515444993972778320e-01
4.750734865665435791e-01
8.627877235412597656e-01
6.856995224952697754e-01
6.701393127441406250e-01
8.627877235412597656e-01
8.145584464073181152e-01
8.514935374259948730e-01
8.628023266792297363e-01
4.115564823150634766e-01
8.212767839431762695e-01
7.982369065284729004e-01
8.337606787681579590e-01
6.876983642578125000e-01
6.391052603721618652e-01
7.965497374534606934e-01
7.286370992660522461e-01
8.334075212478637695e-01
8.514935374259948730e-01
4.241096675395965576e-01
8.515444993972778320e-01
8.627877235412597656e-01
8.628001213073730469e-01
4.082914292812347412e-01
4.018246531486511230e-01
8.627877235412597656e-01
8.627877235412597656e-01
8.186666965484619141e-01
8.628001213073730469e-01
8.193500638008117676e-01
6.022705435752868652e-01
8.628023266792297363e-01
4.753668308258056641e-01
8.515444993972778320e-01
8.198194503784179688e-01
8.627877235412597656e-01
8.115751147270202637e-01
8.515444993972778320e-01
8.086286783218383789e-01
4.010967910289764404e-01
8.310624361038208008e-01
4.791857898235321045e-01
8.628307580947875977e-01
6.731290221214294434e-01
8.515444993972778320e-01
7.965497374534606934e-01
8.514935374259948730e-01
7.287870049476623535e-01
4.956623017787933350e-01
4.012969434261322021e-01
8.515444993972778320e-01
8.514935374259948730e-01
8.515444993972778320e-01
